        0.0000  -0.979570   0.277149  -0.702421 
        0.5000  -0.983388   0.280924  -0.702465 
        1.0000  -0.983681   0.280525  -0.703156 
        1.5000  -0.982665   0.280866  -0.701799 
        2.0000  -0.992728   0.289011  -0.703717 
        2.5000  -0.989511   0.285155  -0.704356 
        3.0000  -0.983025   0.277874  -0.705151 
        3.5000  -0.973319   0.271919  -0.701400 
        4.0000  -0.978543   0.280326  -0.698217 
        4.5000  -0.983179   0.285741  -0.697437 
        5.0000  -0.977599   0.278667  -0.698932 
        5.5000  -0.964024   0.265679  -0.698344 
        6.0000  -0.996708   0.300238  -0.696470 
        6.5000  -0.982618   0.288247  -0.694371 
        7.0000  -0.980844   0.288054  -0.692790 
        7.5000  -0.983624   0.291780  -0.691843 
        8.0000  -0.979842   0.287226  -0.692616 
        8.5000  -0.979347   0.281994  -0.697353 
        9.0000  -0.983081   0.286418  -0.696662 
        9.5000  -0.971794   0.279038  -0.692756 
       10.0000  -0.978757   0.285943  -0.692814 
       10.5000  -0.978931   0.284885  -0.694046 
       11.0000  -0.967467   0.271597  -0.695870 
       11.5000  -0.983051   0.289097  -0.693954 
       12.0000  -0.972814   0.279028  -0.693786 
       12.5000  -0.976470   0.279666  -0.696803 
       13.0000  -0.964777   0.269806  -0.694971 
       13.5000  -0.969368   0.275412  -0.693956 
       14.0000  -0.972263   0.278816  -0.693447 
       14.5000  -0.968507   0.276399  -0.692108 
       15.0000  -0.979246   0.287002  -0.692244 
       15.5000  -0.968640   0.273688  -0.694952 
       16.0000  -0.965807   0.271665  -0.694142 
       16.5000  -0.974681   0.281178  -0.693503 
       17.0000  -0.969218   0.276297  -0.692921 
       17.5000  -0.967708   0.274525  -0.693182 
       18.0000  -0.981077   0.285691  -0.695385 
       18.5000  -0.987636   0.295315  -0.692321 
       19.0000  -0.982701   0.292401  -0.690300 
       19.5000  -0.967856   0.276293  -0.691562 
       20.0000  -0.980929   0.288734  -0.692194 
       20.5000  -1.012496   0.320367  -0.692129 
       21.0000  -0.969900   0.279900  -0.690000 
       21.5000  -0.994421   0.302961  -0.691460 
       22.0000  -0.972135   0.280260  -0.691874 
       22.5000  -0.991023   0.294963  -0.696060 
       23.0000  -0.965724   0.271042  -0.694681 
       23.5000  -0.981357   0.288617  -0.692739 
       24.0000  -0.988861   0.301405  -0.687456 
       24.5000  -0.973639   0.289768  -0.683870 
       25.0000  -0.977888   0.292176  -0.685712 
       25.5000  -0.970012   0.284602  -0.685410 
       26.0000  -0.972172   0.286875  -0.685297 
       26.5000  -0.974863   0.292269  -0.682594 
       27.0000  -0.984521   0.303571  -0.680950 
       27.5000  -0.975758   0.292473  -0.683285 
       28.0000  -0.987908   0.303584  -0.684324 
       28.5000  -0.981735   0.297782  -0.683953 
       29.0000  -0.973073   0.290450  -0.682623 
       29.5000  -0.964008   0.280726  -0.683283 
       30.0000  -0.988463   0.300807  -0.687656 
       30.5000  -0.963559   0.276750  -0.686809 
       31.0000  -0.970723   0.283471  -0.687252 
       31.5000  -0.966470   0.278739  -0.687731 
       32.0000  -0.995325   0.306892  -0.688433 
       32.5000  -0.967830   0.280679  -0.687151 
       33.0000  -0.979508   0.293105  -0.686403 
       33.5000  -0.975914   0.289738  -0.686177 
       34.0000  -0.974434   0.288698  -0.685736 
       34.5000  -0.984678   0.298222  -0.686456 
       35.0000  -0.972974   0.280658  -0.692316 
       35.5000  -0.981971   0.291948  -0.690022 
       36.0000  -0.991298   0.300284  -0.691014 
       36.5000  -0.960898   0.269626  -0.691272 
       37.0000  -0.973201   0.278870  -0.694331 
       37.5000  -0.977746   0.282089  -0.695657 
       38.0000  -0.969428   0.276073  -0.693354 
       38.5000  -0.982391   0.289390  -0.693000 
       39.0000  -0.978826   0.286643  -0.692183 
       39.5000  -0.982173   0.290752  -0.691421 
       40.0000  -0.984958   0.293616  -0.691342 
       40.5000  -0.960582   0.269707  -0.690875 
       41.0000  -0.993266   0.301064  -0.692202 
       41.5000  -0.980169   0.288244  -0.691925 
       42.0000  -0.988488   0.299027  -0.689462 
       42.5000  -0.966973   0.282329  -0.684644 
       43.0000  -0.980383   0.296481  -0.683902 
       43.5000  -0.988610   0.305353  -0.683257 
       44.0000  -0.970515   0.288907  -0.681608 
       44.5000  -0.977689   0.296171  -0.681518 
       45.0000  -0.971898   0.289683  -0.682216 
       45.5000  -0.969212   0.287177  -0.682034 
       46.0000  -0.965392   0.286407  -0.678985 
       46.5000  -0.977494   0.300428  -0.677066 
       47.0000  -0.967800   0.289856  -0.677944 
       47.5000  -0.980606   0.303262  -0.677344 
       48.0000  -0.970163   0.292888  -0.677275 
       48.5000  -0.969304   0.291904  -0.677401 
       49.0000  -0.966679   0.288563  -0.678116 
       49.5000  -0.973247   0.294647  -0.678600 
       50.0000  -0.972421   0.295028  -0.677393 
       50.5000  -0.970159   0.293704  -0.676454 
       51.0000  -0.970007   0.293594  -0.676413 
       51.5000  -0.979017   0.302921  -0.676096 
       52.0000  -0.963742   0.285271  -0.678471 
       52.5000  -0.971480   0.292151  -0.679329 
       53.0000  -0.958232   0.280346  -0.677886 
       53.5000  -0.988360   0.309983  -0.678377 
       54.0000  -0.975712   0.292903  -0.682809 
       54.5000  -0.955009   0.270657  -0.684352 
       55.0000  -0.967182   0.281653  -0.685529 
       55.5000  -0.973933   0.289553  -0.684380 
       56.0000  -0.975411   0.291158  -0.684254 
       56.5000  -0.971080   0.281154  -0.689926 
       57.0000  -0.982480   0.289221  -0.693260 
       57.5000  -0.974444   0.280255  -0.694189 
       58.0000  -0.980179   0.293072  -0.687107 
       58.5000  -0.958364   0.271839  -0.686525 
       59.0000  -0.980395   0.293123  -0.687272 
       59.5000  -0.975531   0.286802  -0.688728 
       60.0000  -0.986317   0.298192  -0.688124 
       60.5000  -0.980213   0.291469  -0.688743 
       61.0000  -0.983207   0.294966  -0.688241 
       61.5000  -0.983454   0.293509  -0.689946 
       62.0000  -0.969743   0.288743  -0.681000 
       62.5000  -0.982936   0.300800  -0.682136 
       63.0000  -0.972430   0.289327  -0.683103 
       63.5000  -0.984073   0.303070  -0.681003 
       64.0000  -0.959980   0.279246  -0.680734 
       64.5000  -0.961669   0.281969  -0.679700 
       65.0000  -0.964251   0.284357  -0.679894 
       65.5000  -0.979960   0.298331  -0.681629 
       66.0000  -0.988408   0.306834  -0.681575 
       66.5000  -0.975540   0.294009  -0.681530 
       67.0000  -0.969607   0.287317  -0.682291 
       67.5000  -0.981091   0.298938  -0.682153 
       68.0000  -0.974842   0.292742  -0.682101 
       68.5000  -0.976167   0.294379  -0.681787 
       69.0000  -0.974818   0.293107  -0.681711 
       69.5000  -0.985759   0.304280  -0.681480 
       70.0000  -0.958004   0.273403  -0.684601 
       70.5000  -0.981535   0.295697  -0.685838 
       71.0000  -0.967543   0.281443  -0.686100 
       71.5000  -0.963971   0.278129  -0.685842 
       72.0000  -0.984447   0.295066  -0.689380 
       72.5000  -0.986240   0.298233  -0.688007 
       73.0000  -0.970719   0.282208  -0.688511 
       73.5000  -0.990853   0.298837  -0.692016 
       74.0000  -0.979725   0.286987  -0.692737 
       74.5000  -0.979279   0.290313  -0.688966 
       75.0000  -0.978589   0.291096  -0.687493 
       75.5000  -0.984697   0.295947  -0.688750 
       76.0000  -0.967978   0.279707  -0.688271 
       76.5000  -0.972375   0.277435  -0.694940 
       77.0000  -0.989964   0.295155  -0.694809 
       77.5000  -0.982042   0.288838  -0.693204 
       78.0000  -0.976868   0.284081  -0.692787 
       78.5000  -0.973735   0.279721  -0.694014 
       79.0000  -0.987496   0.295218  -0.692279 
       79.5000  -0.983756   0.293665  -0.690091 
       80.0000  -0.994978   0.306078  -0.688900 
       80.5000  -0.997882   0.311113  -0.686769 
       81.0000  -0.979185   0.294170  -0.685015 
       81.5000  -0.977576   0.291813  -0.685763 
       82.0000  -0.982646   0.297381  -0.685265 
       82.5000  -0.968624   0.287100  -0.681524 
       83.0000  -0.991412   0.308072  -0.683339 
       83.5000  -0.979232   0.297478  -0.681754 
       84.0000  -0.978641   0.290342  -0.688299 
       84.5000  -0.999044   0.310949  -0.688095 
       85.0000  -0.997512   0.308652  -0.688861 
       85.5000  -0.972674   0.285901  -0.686773 
       86.0000  -0.980761   0.293734  -0.687028 
       86.5000  -1.008182   0.321670  -0.686512 
       87.0000  -0.977488   0.294985  -0.682503 
       87.5000  -0.995854   0.304752  -0.691102 
       88.0000  -0.996389   0.311613  -0.684776 
       88.5000  -0.989709   0.304657  -0.685052 
       89.0000  -0.991167   0.304810  -0.686357 
       89.5000  -0.984951   0.298446  -0.686506 
       90.0000  -0.991467   0.305924  -0.685544 
       90.5000  -0.991158   0.304050  -0.687107 
       91.0000  -0.985636   0.300547  -0.685089 
       91.5000  -1.000273   0.318059  -0.682214 
       92.0000  -0.986201   0.304215  -0.681986 
       92.5000  -0.967835   0.286919  -0.680917 
       93.0000  -0.984235   0.305846  -0.678389 
       93.5000  -0.973261   0.295287  -0.677974 
       94.0000  -0.976047   0.297905  -0.678141 
       94.5000  -0.948347   0.273965  -0.674381 
       95.0000  -0.967994   0.292308  -0.675686 
       95.5000  -0.973289   0.298700  -0.674589 
       96.0000  -0.970045   0.297333  -0.672712 
       96.5000  -0.984812   0.310987  -0.673826 
       97.0000  -0.969993   0.295347  -0.674646 
       97.5000  -0.980813   0.305547  -0.675266 
       98.0000  -0.981479   0.305691  -0.675788 
       98.5000  -0.974036   0.297450  -0.676586 
       99.0000  -0.972239   0.294609  -0.677630 
       99.5000  -0.973435   0.296864  -0.676571 
      100.0000  -0.985970   0.312323  -0.673648 
      100.5000  -0.985073   0.312291  -0.672782 
      101.0000  -0.973540   0.300453  -0.673088 
      101.5000  -0.961615   0.289796  -0.671819 
      102.0000  -0.970143   0.295940  -0.674202 
      102.5000  -0.977238   0.302949  -0.674289 
      103.0000  -0.989122   0.315195  -0.673927 
      103.5000  -0.990659   0.316293  -0.674366 
      104.0000  -0.967687   0.293042  -0.674645 
      104.5000  -0.974425   0.300450  -0.673975 
      105.0000  -0.985116   0.309243  -0.675874 
      105.5000  -0.965696   0.290091  -0.675606 
      106.0000  -0.975074   0.302306  -0.672768 
      106.5000  -0.974230   0.299497  -0.674733 
      107.0000  -0.974301   0.300041  -0.674261 
      107.5000  -0.973574   0.298144  -0.675431 
      108.0000  -0.973368   0.299177  -0.674191 
      108.5000  -0.966440   0.290802  -0.675639 
      109.0000  -0.990697   0.316330  -0.674367 
      109.5000  -0.971135   0.293806  -0.677329 
      110.0000  -0.964597   0.284817  -0.679779 
      110.5000  -0.981736   0.295305  -0.686431 
      111.0000  -0.980648   0.294760  -0.685888 
      111.5000  -0.975009   0.291412  -0.683597 
      112.0000  -0.967693   0.283110  -0.684583 
      112.5000  -0.969798   0.287939  -0.681859 
      113.0000  -1.001595   0.317535  -0.684060 
      113.5000  -0.988544   0.299994  -0.688549 
      114.0000  -0.987644   0.300561  -0.687083 
      114.5000  -0.975742   0.287171  -0.688572 
      115.0000  -0.977457   0.289116  -0.688340 
      115.5000  -0.970036   0.282471  -0.687565 
      116.0000  -0.969683   0.278362  -0.691321 
      116.5000  -0.995643   0.302838  -0.692805 
      117.0000  -0.978208   0.285055  -0.693153 
      117.5000  -0.983501   0.290245  -0.693256 
      118.0000  -0.983724   0.293152  -0.690572 
      118.5000  -0.992270   0.300666  -0.691604 
      119.0000  -0.978683   0.285401  -0.693283 
      119.5000  -0.983015   0.288593  -0.694421 
      120.0000  -0.974818   0.282637  -0.692180 
      120.5000  -0.991367   0.298169  -0.693198 
      121.0000  -0.998383   0.305818  -0.692564 
      121.5000  -0.974830   0.284554  -0.690276 
      122.0000  -0.971685   0.281556  -0.690129 
      122.5000  -0.988398   0.299084  -0.689315 
      123.0000  -0.982600   0.293419  -0.689181 
      123.5000  -0.992494   0.302442  -0.690052 
      124.0000  -0.979364   0.290372  -0.688992 
      124.5000  -0.976692   0.285292  -0.691400 
      125.0000  -0.982827   0.291265  -0.691562 
      125.5000  -0.992958   0.301476  -0.691482 
      126.0000  -0.997238   0.305277  -0.691962 
      126.5000  -0.993505   0.301188  -0.692317 
      127.0000  -0.997507   0.305726  -0.691781 
      127.5000  -0.987532   0.295096  -0.692435 
      128.0000  -0.997619   0.307476  -0.690143 
      128.5000  -0.988515   0.298139  -0.690375 
      129.0000  -0.987816   0.297450  -0.690367 
      129.5000  -0.997955   0.305230  -0.692725 
      130.0000  -0.980470   0.293370  -0.687100 
      130.5000  -0.989568   0.300859  -0.688708 
      131.0000  -0.970280   0.284219  -0.686061 
      131.5000  -1.001066   0.315001  -0.686065 
      132.0000  -0.993220   0.302991  -0.690229 
      132.5000  -0.994477   0.305686  -0.688792 
      133.0000  -0.986952   0.297457  -0.689495 
      133.5000  -0.983394   0.293311  -0.690083 
      134.0000  -1.011680   0.320364  -0.691317 
      134.5000  -0.987668   0.297388  -0.690280 
      135.0000  -0.995189   0.308092  -0.687097 
      135.5000  -0.966752   0.278969  -0.687783 
      136.0000  -0.982884   0.296000  -0.686883 
      136.5000  -0.981704   0.290432  -0.691272 
      137.0000  -0.975339   0.284324  -0.691016 
      137.5000  -0.981639   0.290410  -0.691229 
      138.0000  -0.992353   0.301333  -0.691020 
      138.5000  -0.977271   0.286179  -0.691092 
      139.0000  -0.989692   0.302223  -0.687469 
      139.5000  -0.969122   0.276907  -0.692215 
      140.0000  -0.978689   0.286518  -0.692171 
      140.5000  -0.985803   0.290469  -0.695334 
      141.0000  -0.994719   0.298906  -0.695813 
      141.5000  -0.980727   0.287730  -0.692997 
      142.0000  -0.977161   0.286283  -0.690879 
      142.5000  -0.989575   0.298697  -0.690878 
      143.0000  -0.991285   0.301116  -0.690170 
      143.5000  -0.984392   0.297538  -0.686854 
      144.0000  -0.987269   0.304467  -0.682802 
      144.5000  -0.993809   0.308064  -0.685745 
      145.0000  -0.981681   0.293590  -0.688091 
      145.5000  -0.985008   0.298145  -0.686863 
      146.0000  -1.000755   0.311905  -0.688850 
      146.5000  -0.993975   0.305338  -0.688637 
      147.0000  -0.989900   0.300867  -0.689033 
      147.5000  -0.997177   0.306328  -0.690850 
      148.0000  -0.995089   0.305438  -0.689651 
      148.5000  -0.982619   0.294498  -0.688121 
      149.0000  -0.993409   0.308611  -0.684798 
      149.5000  -0.981901   0.297520  -0.684381 
      150.0000  -0.989428   0.304227  -0.685201 
      150.5000  -0.997727   0.313297  -0.684430 
      151.0000  -0.994417   0.309914  -0.684504 
      151.5000  -0.991430   0.306746  -0.684684 
      152.0000  -0.996852   0.313793  -0.683058 
      152.5000  -0.982038   0.301890  -0.680149 
      153.0000  -0.985801   0.306347  -0.679454 
      153.5000  -0.974994   0.297951  -0.677043 
      154.0000  -0.995274   0.314203  -0.681072 
      154.5000  -0.974199   0.292494  -0.681704 
      155.0000  -0.971398   0.291625  -0.679773 
      155.5000  -0.989164   0.308404  -0.680761 
      156.0000  -0.969385   0.291752  -0.677633 
      156.5000  -0.962773   0.285309  -0.677465 
      157.0000  -0.977246   0.297415  -0.679831 
      157.5000  -0.976656   0.296476  -0.680180 
      158.0000  -0.989701   0.307680  -0.682021 
      158.5000  -0.984618   0.304304  -0.680313 
      159.0000  -0.961911   0.280369  -0.681542 
      159.5000  -0.991647   0.311540  -0.680106 
      160.0000  -0.972296   0.305989  -0.666308 
      160.5000  -0.962054   0.297777  -0.664278 
      161.0000  -0.978693   0.315178  -0.663515 
      161.5000  -0.969387   0.304387  -0.665000 
      162.0000  -0.964727   0.298175  -0.666552 
      162.5000  -0.974690   0.302848  -0.671842 
      163.0000  -0.960758   0.287244  -0.673514 
      163.5000  -0.964267   0.290034  -0.674234 
      164.0000  -0.977120   0.301537  -0.675582 
      164.5000  -0.970169   0.293152  -0.677017 
      165.0000  -0.966807   0.287241  -0.679566 
      165.5000  -0.969316   0.293049  -0.676267 
      166.0000  -0.968036   0.289960  -0.678076 
      166.5000  -0.977580   0.300688  -0.676891 
      167.0000  -0.976346   0.297003  -0.679343 
      167.5000  -0.963649   0.281984  -0.681664 
      168.0000  -0.971291   0.289031  -0.682260 
      168.5000  -0.970630   0.287117  -0.683513 
      169.0000  -0.977628   0.296351  -0.681277 
      169.5000  -0.960438   0.279167  -0.681271 
      170.0000  -0.977816   0.298345  -0.679471 
      170.5000  -0.979774   0.299824  -0.679950 
      171.0000  -0.966355   0.285615  -0.680740 
      171.5000  -0.977235   0.298449  -0.678786 
      172.0000  -0.973443   0.295022  -0.678421 
      172.5000  -0.973787   0.297226  -0.676561 
      173.0000  -0.988523   0.310790  -0.677733 
      173.5000  -0.980645   0.302298  -0.678347 
      174.0000  -0.975958   0.296454  -0.679503 
      174.5000  -0.961323   0.282072  -0.679250 
      175.0000  -0.971373   0.294160  -0.677213 
      175.5000  -0.968555   0.292821  -0.675733 
      176.0000  -0.965594   0.289393  -0.676201 
      176.5000  -0.970924   0.295686  -0.675238 
      177.0000  -0.968202   0.292941  -0.675261 
      177.5000  -0.984352   0.309100  -0.675252 
      178.0000  -0.964503   0.288952  -0.675551 
      178.5000  -0.971515   0.293324  -0.678191 
      179.0000  -0.986862   0.309402  -0.677460 
      179.5000  -0.957471   0.282589  -0.674883 
      180.0000  -0.959279   0.288502  -0.670777 
      180.5000  -0.961098   0.293468  -0.667630 
      181.0000  -0.969766   0.298760  -0.671006 
      181.5000  -0.959369   0.286637  -0.672733 
      182.0000  -0.962471   0.293482  -0.668989 
      182.5000  -0.982067   0.314038  -0.668029 
      183.0000  -0.962134   0.296386  -0.665747 
      183.5000  -0.954063   0.296982  -0.657081 
      184.0000  -0.985962   0.316504  -0.669458 
      184.5000  -0.947412   0.277055  -0.670358 
      185.0000  -0.966167   0.296215  -0.669953 
      185.5000  -0.957256   0.285599  -0.671657 
      186.0000  -0.967274   0.297587  -0.669687 
      186.5000  -0.959446   0.290939  -0.668508 
      187.0000  -0.956222   0.287005  -0.669216 
      187.5000  -0.960306   0.290693  -0.669613 
      188.0000  -0.976566   0.307273  -0.669292 
      188.5000  -0.976036   0.305512  -0.670524 
      189.0000  -0.967886   0.296987  -0.670899 
      189.5000  -0.987280   0.314938  -0.672342 
      190.0000  -0.967481   0.293868  -0.673613 
      190.5000  -0.970761   0.299384  -0.671378 
      191.0000  -0.961685   0.290753  -0.670932 
      191.5000  -0.959792   0.287619  -0.672173 
      192.0000  -0.965578   0.292282  -0.673296 
      192.5000  -0.978831   0.307242  -0.671589 
      193.0000  -0.950591   0.279125  -0.671466 
      193.5000  -0.952884   0.282159  -0.670725 
      194.0000  -0.965175   0.293636  -0.671539 
      194.5000  -0.980239   0.307572  -0.672667 
      195.0000  -0.975616   0.304951  -0.670665 
      195.5000  -0.956271   0.285474  -0.670797 
      196.0000  -0.979009   0.310451  -0.668558 
      196.5000  -0.967256   0.299598  -0.667658 
      197.0000  -0.958457   0.286528  -0.671929 
      197.5000  -0.962488   0.290756  -0.671731 
      198.0000  -0.962100   0.290693  -0.671407 
      198.5000  -0.978658   0.308750  -0.669908 
      199.0000  -0.960187   0.291422  -0.668765 
      199.5000  -0.969167   0.313402  -0.655765 
      200.0000  -0.943764   0.293844  -0.649920 
      200.5000  -0.957916   0.306336  -0.651580 
      201.0000  -0.961780   0.313743  -0.648037 
      201.5000  -0.954442   0.312920  -0.641522 
      202.0000  -0.961575   0.323187  -0.638388 
      202.5000  -0.946095   0.309078  -0.637016 
      203.0000  -0.960591   0.324705  -0.635887 
      203.5000  -0.943714   0.309157  -0.634557 
      204.0000  -0.948402   0.313882  -0.634520 
      204.5000  -0.955346   0.321829  -0.633517 
      205.0000  -0.946056   0.316486  -0.629570 
      205.5000  -0.951283   0.326197  -0.625086 
      206.0000  -0.945170   0.319884  -0.625286 
      206.5000  -0.954322   0.328103  -0.626219 
      207.0000  -0.932920   0.310375  -0.622546 
      207.5000  -0.932422   0.309573  -0.622849 
      208.0000  -0.933293   0.313090  -0.620203 
      208.5000  -0.946745   0.324420  -0.622325 
      209.0000  -0.959268   0.336874  -0.622394 
      209.5000  -0.942482   0.319266  -0.623217 
      210.0000  -0.948192   0.322050  -0.626143 
      210.5000  -0.947317   0.322655  -0.624663 
      211.0000  -0.945114   0.319209  -0.625904 
      211.5000  -0.953413   0.327629  -0.625784 
      212.0000  -0.933145   0.305418  -0.627727 
      212.5000  -0.946858   0.320852  -0.626006 
      213.0000  -0.948209   0.323229  -0.624980 
      213.5000  -0.937152   0.311621  -0.625531 
      214.0000  -0.932892   0.307424  -0.625468 
      214.5000  -0.932198   0.305548  -0.626651 
      215.0000  -0.926925   0.296355  -0.630570 
      215.5000  -0.928164   0.297746  -0.630418 
      216.0000  -0.962557   0.330564  -0.631992 
      216.5000  -0.945899   0.310901  -0.634998 
      217.0000  -0.947402   0.310051  -0.637351 
      217.5000  -0.936061   0.304061  -0.631999 
      218.0000  -0.940658   0.308883  -0.631775 
      218.5000  -0.945361   0.313746  -0.631616 
      219.0000  -0.957352   0.327156  -0.630197 
      219.5000  -0.934201   0.304467  -0.629733 
      220.0000  -0.945085   0.314484  -0.630601 
      220.5000  -0.931039   0.300328  -0.630712 
      221.0000  -0.966948   0.333945  -0.633003 
      221.5000  -0.954080   0.321468  -0.632613 
      222.0000  -0.950803   0.316390  -0.634413 
      222.5000  -0.955973   0.321469  -0.634504 
      223.0000  -0.961586   0.324227  -0.637358 
      223.5000  -0.970101   0.333234  -0.636867 
      224.0000  -0.956716   0.318690  -0.638026 
      224.5000  -0.948277   0.308471  -0.639806 
      225.0000  -0.974729   0.330931  -0.643798 
      225.5000  -0.944947   0.301285  -0.643662 
      226.0000  -0.967893   0.326534  -0.641360 
      226.5000  -0.960349   0.317208  -0.643141 
      227.0000  -0.953346   0.310113  -0.643232 
      227.5000  -0.971754   0.327161  -0.644594 
      228.0000  -0.946728   0.303258  -0.643470 
      228.5000  -0.945681   0.297887  -0.647793 
      229.0000  -0.968934   0.321942  -0.646992 
      229.5000  -0.951378   0.300063  -0.651315 
      230.0000  -0.962362   0.312477  -0.649885 
      230.5000  -0.959982   0.312536  -0.647446 
      231.0000  -0.956632   0.306773  -0.649859 
      231.5000  -0.965236   0.318226  -0.647010 
      232.0000  -0.975203   0.329311  -0.645892 
      232.5000  -0.948827   0.305174  -0.643653 
      233.0000  -0.954336   0.310927  -0.643408 
      233.5000  -0.952347   0.309471  -0.642876 
      234.0000  -0.953199   0.309184  -0.644015 
      234.5000  -0.964443   0.320956  -0.643487 
      235.0000  -0.958614   0.312291  -0.646322 
      235.5000  -0.962190   0.315558  -0.646633 
      236.0000  -0.940135   0.294172  -0.645963 
      236.5000  -0.960677   0.316027  -0.644650 
      237.0000  -0.937981   0.294003  -0.643977 
      237.5000  -0.941662   0.296238  -0.645424 
      238.0000  -0.967529   0.318446  -0.649083 
      238.5000  -0.959860   0.310566  -0.649294 
      239.0000  -0.977451   0.329266  -0.648185 
      239.5000  -0.949435   0.301009  -0.648426 
      240.0000  -0.967898   0.317160  -0.650738 
      240.5000  -0.969310   0.318138  -0.651172 
      241.0000  -0.965521   0.312053  -0.653468 
      241.5000  -0.968860   0.313499  -0.655361 
      242.0000  -0.968231   0.312535  -0.655697 
      242.5000  -0.957689   0.301012  -0.656678 
      243.0000  -0.964770   0.308359  -0.656411 
      243.5000  -0.953876   0.299853  -0.654023 
      244.0000  -0.956795   0.303308  -0.653487 
      244.5000  -0.955114   0.303819  -0.651296 
      245.0000  -0.957194   0.305584  -0.651611 
      245.5000  -0.957616   0.306930  -0.650686 
      246.0000  -0.963350   0.312590  -0.650759 
      246.5000  -0.939340   0.287877  -0.651463 
      247.0000  -0.969488   0.316995  -0.652493 
      247.5000  -0.952489   0.303045  -0.649445 
      248.0000  -0.955338   0.309530  -0.645808 
      248.5000  -0.969133   0.323609  -0.645524 
      249.0000  -0.968626   0.322717  -0.645909 
      249.5000  -0.953861   0.307242  -0.646619 
      250.0000  -0.942313   0.297856  -0.644456 
      250.5000  -0.949086   0.304250  -0.644836 
      251.0000  -0.963374   0.320288  -0.643086 
      251.5000  -0.952583   0.306334  -0.646249 
      252.0000  -0.950778   0.304508  -0.646270 
      252.5000  -0.966779   0.321103  -0.645675 
      253.0000  -0.960035   0.311573  -0.648461 
      253.5000  -0.958945   0.311495  -0.647450 
      254.0000  -0.952921   0.304248  -0.648674 
      254.5000  -0.962374   0.313934  -0.648440 
      255.0000  -0.942656   0.291609  -0.651047 
      255.5000  -0.943700   0.291976  -0.651724 
      256.0000  -0.970527   0.317763  -0.652764 
      256.5000  -0.946891   0.307935  -0.638956 
      257.0000  -0.953176   0.315791  -0.637385 
      257.5000  -0.941866   0.304179  -0.637686 
      258.0000  -0.949758   0.312200  -0.637559 
      258.5000  -0.931595   0.293731  -0.637864 
      259.0000  -0.941485   0.305227  -0.636258 
      259.5000  -0.942341   0.306891  -0.635449 
      260.0000  -0.942230   0.306771  -0.635459 
      260.5000  -0.942471   0.309945  -0.632526 
      261.0000  -0.945215   0.315054  -0.630161 
      261.5000  -0.947299   0.310853  -0.636445 
      262.0000  -0.941510   0.304853  -0.636656 
      262.5000  -0.945629   0.304731  -0.640898 
      263.0000  -0.930032   0.290530  -0.639502 
      263.5000  -0.936919   0.298250  -0.638669 
      264.0000  -0.940021   0.299989  -0.640032 
      264.5000  -0.952067   0.313397  -0.638670 
      265.0000  -0.945797   0.307207  -0.638590 
      265.5000  -0.937255   0.297330  -0.639925 
      266.0000  -0.957176   0.316472  -0.640704 
      266.5000  -0.946186   0.302959  -0.643227 
      267.0000  -0.948117   0.304157  -0.643960 
      267.5000  -0.965308   0.320006  -0.645302 
      268.0000  -0.945553   0.299332  -0.646222 
      268.5000  -0.928526   0.285754  -0.642772 
      269.0000  -0.953673   0.307316  -0.646357 
      269.5000  -0.939196   0.291407  -0.647789 
      270.0000  -0.947425   0.298631  -0.648793 
      270.5000  -0.955297   0.307756  -0.647542 
      271.0000  -0.935683   0.290963  -0.644720 
      271.5000  -0.945176   0.302154  -0.643022 
      272.0000  -0.956753   0.310958  -0.645795 
      272.5000  -0.950969   0.308208  -0.642760 
      273.0000  -0.953402   0.310157  -0.643245 
      273.5000  -0.936657   0.293309  -0.643348 
      274.0000  -0.953676   0.307369  -0.646307 
      274.5000  -0.952828   0.304380  -0.648448 
      275.0000  -0.971838   0.323348  -0.648490 
      275.5000  -0.960491   0.312366  -0.648125 
      276.0000  -0.949524   0.304074  -0.645449 
      276.5000  -0.948080   0.298558  -0.649522 
      277.0000  -0.947894   0.295963  -0.651931 
      277.5000  -0.952468   0.302292  -0.650176 
      278.0000  -0.955667   0.305088  -0.650579 
      278.5000  -0.954169   0.301910  -0.652259 
      279.0000  -0.948149   0.298134  -0.650015 
      279.5000  -0.934832   0.285186  -0.649646 
      280.0000  -0.942389   0.292387  -0.650002 
      280.5000  -0.934722   0.283462  -0.651260 
      281.0000  -0.969797   0.315778  -0.654019 
      281.5000  -0.930224   0.279347  -0.650877 
      282.0000  -0.940199   0.287554  -0.652644 
      282.5000  -0.956880   0.304093  -0.652786 
      283.0000  -0.946149   0.292710  -0.653439 
      283.5000  -0.940058   0.290377  -0.649681 
      284.0000  -0.944859   0.296240  -0.648619 
      284.5000  -0.950974   0.303720  -0.647255 
      285.0000  -0.946243   0.300708  -0.645535 
      285.5000  -0.947250   0.299627  -0.647623 
      286.0000  -0.937907   0.292778  -0.645129 
      286.5000  -0.935789   0.290876  -0.644912 
      287.0000  -0.925175   0.279418  -0.645757 
      287.5000  -0.938350   0.293497  -0.644853 
      288.0000  -0.942674   0.296859  -0.645814 
      288.5000  -0.945253   0.301700  -0.643553 
      289.0000  -0.954605   0.311742  -0.642863 
      289.5000  -0.931531   0.286888  -0.644643 
      290.0000  -0.942221   0.299439  -0.642782 
      290.5000  -0.942707   0.298674  -0.644033 
      291.0000  -0.928835   0.283395  -0.645440 
      291.5000  -0.945882   0.304170  -0.641712 
      292.0000  -0.949551   0.307794  -0.641757 
      292.5000  -0.947299   0.308736  -0.638563 
      293.0000  -0.936109   0.297631  -0.638478 
      293.5000  -0.933499   0.295162  -0.638337 
      294.0000  -0.929961   0.291212  -0.638749 
      294.5000  -0.940474   0.301569  -0.638905 
      295.0000  -0.934221   0.294646  -0.639575 
      295.5000  -0.961610   0.321873  -0.639737 
      296.0000  -0.918128   0.278191  -0.639937 
      296.5000  -0.937737   0.297434  -0.640303 
      297.0000  -0.958706   0.320360  -0.638346 
      297.5000  -0.934686   0.296918  -0.637768 
      298.0000  -0.953608   0.314790  -0.638818 
      298.5000  -0.932176   0.294247  -0.637929 
      299.0000  -0.942288   0.302125  -0.640163 
      299.5000  -0.946685   0.304551  -0.642135 
      300.0000  -0.929442   0.281972  -0.647470 
      300.5000  -0.949998   0.301263  -0.648734 
      301.0000  -0.944652   0.297706  -0.646946 
      301.5000  -0.920699   0.272897  -0.647802 
      302.0000  -0.952326   0.308054  -0.644272 
      302.5000  -0.948441   0.305377  -0.643064 
      303.0000  -0.951824   0.309507  -0.642317 
      303.5000  -0.941062   0.297197  -0.643864 
      304.0000  -0.938148   0.292902  -0.645247 
      304.5000  -0.937315   0.292430  -0.644885 
      305.0000  -0.956616   0.312597  -0.644019 
      305.5000  -0.951673   0.307867  -0.643806 
      306.0000  -0.948319   0.307850  -0.640469 
      306.5000  -0.930723   0.290393  -0.640330 
      307.0000  -0.930108   0.291727  -0.638381 
      307.5000  -0.941540   0.302047  -0.639493 
      308.0000  -0.948465   0.311103  -0.637362 
      308.5000  -0.946867   0.306631  -0.640236 
      309.0000  -0.945739   0.305731  -0.640007 
      309.5000  -0.944903   0.303647  -0.641256 
      310.0000  -0.936780   0.294542  -0.642238 
      310.5000  -0.944763   0.301931  -0.642832 
      311.0000  -0.945682   0.299081  -0.646600 
      311.5000  -0.936950   0.290429  -0.646520 
      312.0000  -0.943686   0.297445  -0.646242 
      312.5000  -0.939526   0.292243  -0.647283 
      313.0000  -0.940255   0.291879  -0.648375 
      313.5000  -0.929877   0.283638  -0.646239 
      314.0000  -0.952848   0.305371  -0.647477 
      314.5000  -0.938669   0.294161  -0.644508 
      315.0000  -0.937953   0.294662  -0.643292 
      315.5000  -0.936644   0.293484  -0.643160 
      316.0000  -0.933183   0.289556  -0.643628 
      316.5000  -0.925526   0.282432  -0.643095 
      317.0000  -0.941889   0.300154  -0.641735 
      317.5000  -0.935768   0.293072  -0.642696 
      318.0000  -0.955888   0.315158  -0.640730 
      318.5000  -0.923814   0.281776  -0.642038 
      319.0000  -0.933673   0.289670  -0.644003 
      319.5000  -0.935671   0.295853  -0.639818 
      320.0000  -0.932388   0.293116  -0.639272 
      320.5000  -0.931276   0.291513  -0.639763 
      321.0000  -0.928016   0.287469  -0.640547 
      321.5000  -0.953583   0.313919  -0.639664 
      322.0000  -0.931118   0.292304  -0.638814 
      322.5000  -0.939015   0.296949  -0.642066 
      323.0000  -0.933902   0.291375  -0.642527 
      323.5000  -0.930920   0.284341  -0.646578 
      324.0000  -0.935290   0.289752  -0.645538 
      324.5000  -0.923203   0.278159  -0.645044 
      325.0000  -0.927043   0.280621  -0.646422 
      325.5000  -0.949323   0.302679  -0.646644 
      326.0000  -0.927648   0.277936  -0.649712 
      326.5000  -0.958680   0.309389  -0.649291 
      327.0000  -0.931741   0.280783  -0.650958 
      327.5000  -0.957099   0.305654  -0.651446 
      328.0000  -0.954972   0.302493  -0.652480 
      328.5000  -0.949887   0.296925  -0.652962 
      329.0000  -0.933965   0.282041  -0.651924 
      329.5000  -0.957611   0.305327  -0.652284 
      330.0000  -0.930534   0.277615  -0.652919 
      330.5000  -0.934243   0.279081  -0.655162 
      331.0000  -0.931293   0.278246  -0.653046 
      331.5000  -0.943132   0.289911  -0.653221 
      332.0000  -0.949044   0.291950  -0.657094 
      332.5000  -0.950500   0.294891  -0.655609 
      333.0000  -0.943952   0.289710  -0.654242 
      333.5000  -0.954678   0.300253  -0.654425 
      334.0000  -0.943563   0.290378  -0.653185 
      334.5000  -0.939697   0.289345  -0.650352 
      335.0000  -0.936494   0.282684  -0.653810 
      335.5000  -0.939042   0.285937  -0.653105 
      336.0000  -0.940791   0.290696  -0.650095 
      336.5000  -0.930111   0.275916  -0.654195 
      337.0000  -0.938223   0.284518  -0.653704 
      337.5000  -0.943369   0.292639  -0.650730 
      338.0000  -0.937282   0.287425  -0.649856 
      338.5000  -0.937775   0.284562  -0.653213 
      339.0000  -0.938428   0.285295  -0.653134 
      339.5000  -0.930217   0.275270  -0.654947 
      340.0000  -0.945652   0.293643  -0.652010 
      340.5000  -0.942356   0.287947  -0.654409 
      341.0000  -0.933129   0.274253  -0.658875 
      341.5000  -0.949341   0.291568  -0.657773 
      342.0000  -0.939654   0.279515  -0.660139 
      342.5000  -0.957095   0.297490  -0.659605 
      343.0000  -0.934034   0.273277  -0.660757 
      343.5000  -0.949083   0.288326  -0.660757 
      344.0000  -0.961916   0.304077  -0.657839 
      344.5000  -0.941916   0.287090  -0.654826 
      345.0000  -0.953259   0.298494  -0.654764 
      345.5000  -0.950896   0.294560  -0.656336 
      346.0000  -0.953481   0.296949  -0.656532 
      346.5000  -0.956051   0.297381  -0.658670 
      347.0000  -0.959057   0.299644  -0.659413 
      347.5000  -0.960487   0.300834  -0.659653 
      348.0000  -0.949762   0.288629  -0.661133 
      348.5000  -0.967410   0.308022  -0.659388 
      349.0000  -0.957107   0.299496  -0.657611 
      349.5000  -0.946314   0.286561  -0.659753 
      350.0000  -0.970203   0.310969  -0.659234 
      350.5000  -0.977930   0.319675  -0.658255 
      351.0000  -0.966557   0.305086  -0.661471 
      351.5000  -0.945023   0.282172  -0.662851 
      352.0000  -0.976541   0.316351  -0.660189 
      352.5000  -0.950617   0.289197  -0.661420 
      353.0000  -0.947352   0.286085  -0.661267 
      353.5000  -0.959714   0.298730  -0.660984 
      354.0000  -0.968864   0.307516  -0.661348 
      354.5000  -0.966951   0.304532  -0.662418 
      355.0000  -0.966347   0.303996  -0.662351 
      355.5000  -0.948968   0.290778  -0.658190 
      356.0000  -0.942504   0.282667  -0.659837 
      356.5000  -0.969757   0.308984  -0.660773 
      357.0000  -0.939576   0.279606  -0.659971 
      357.5000  -0.954655   0.293758  -0.660897 
      358.0000  -0.947008   0.284323  -0.662685 
      358.5000  -0.947282   0.283585  -0.663698 
      359.0000  -0.965981   0.306669  -0.659311 
      359.5000  -0.946758   0.286566  -0.660192 
      360.0000  -0.952261   0.290648  -0.661613 
      360.5000  -0.947758   0.286849  -0.660909 
      361.0000  -0.949084   0.289361  -0.659723 
      361.5000  -0.949407   0.289493  -0.659915 
      362.0000  -0.947547   0.286958  -0.660590 
      362.5000  -0.934016   0.273744  -0.660272 
      363.0000  -0.950561   0.291420  -0.659141 
      363.5000  -0.953236   0.294719  -0.658517 
      364.0000  -0.957027   0.295353  -0.661673 
      364.5000  -0.954297   0.295998  -0.658299 
      365.0000  -0.948890   0.289660  -0.659230 
      365.5000  -0.950279   0.289653  -0.660626 
      366.0000  -0.957720   0.300405  -0.657315 
      366.5000  -0.937638   0.280255  -0.657382 
      367.0000  -0.951347   0.295386  -0.655961 
      367.5000  -0.947859   0.291821  -0.656038 
      368.0000  -0.946847   0.289748  -0.657099 
      368.5000  -0.963019   0.316973  -0.646046 
      369.0000  -0.938953   0.291586  -0.647367 
      369.5000  -0.953038   0.304609  -0.648429 
      370.0000  -0.941264   0.291594  -0.649669 
      370.5000  -0.951467   0.299122  -0.652344 
      371.0000  -0.953334   0.298225  -0.655109 
      371.5000  -0.954156   0.300273  -0.653883 
      372.0000  -0.959384   0.306545  -0.652839 
      372.5000  -0.934337   0.281881  -0.652456 
      373.0000  -0.939545   0.286493  -0.653052 
      373.5000  -0.958459   0.304609  -0.653850 
      374.0000  -0.939734   0.286939  -0.652796 
      374.5000  -0.954193   0.302169  -0.652024 
      375.0000  -0.957672   0.305548  -0.652124 
      375.5000  -0.951949   0.301525  -0.650424 
      376.0000  -0.936126   0.285021  -0.651105 
      376.5000  -0.927031   0.278900  -0.648130 
      377.0000  -0.939151   0.287515  -0.651636 
      377.5000  -0.951612   0.299994  -0.651618 
      378.0000  -0.942601   0.291226  -0.651374 
      378.5000  -0.932887   0.282961  -0.649926 
      379.0000  -0.954947   0.302430  -0.652516 
      379.5000  -0.928311   0.276025  -0.652286 
      380.0000  -0.950265   0.298212  -0.652054 
      380.5000  -0.937192   0.286221  -0.650971 
      381.0000  -0.934903   0.280952  -0.653951 
      381.5000  -0.948962   0.296917  -0.652046 
      382.0000  -0.941987   0.289926  -0.652061 
      382.5000  -0.931131   0.277881  -0.653250 
      383.0000  -0.952585   0.301637  -0.650947 
      383.5000  -0.938126   0.287774  -0.650352 
      384.0000  -0.933499   0.281987  -0.651512 
      384.5000  -0.938388   0.288028  -0.650360 
      385.0000  -0.954696   0.303955  -0.650741 
      385.5000  -0.948524   0.304938  -0.643586 
      386.0000  -0.943680   0.301256  -0.642424 
      386.5000  -0.933455   0.299968  -0.633487 
      387.0000  -0.937371   0.304044  -0.633327 
      387.5000  -0.943006   0.316985  -0.626021 
      388.0000  -0.917993   0.291442  -0.626552 
      388.5000  -0.942404   0.315220  -0.627183 
      389.0000  -0.934643   0.310089  -0.624554 
      389.5000  -0.937819   0.309319  -0.628501 
      390.0000  -0.939012   0.309046  -0.629966 
      390.5000  -0.932888   0.301740  -0.631149 
      391.0000  -0.945825   0.311543  -0.634282 
      391.5000  -0.950490   0.310671  -0.639819 
      392.0000  -0.914888   0.274522  -0.640366 
      392.5000  -0.965082   0.325458  -0.639624 
      393.0000  -0.924998   0.288651  -0.636347 
      393.5000  -0.942098   0.304249  -0.637849 
      394.0000  -0.951832   0.314614  -0.637218 
      394.5000  -0.936988   0.303442  -0.633546 
      395.0000  -0.943567   0.310172  -0.633395 
      395.5000  -0.936180   0.299064  -0.637116 
      396.0000  -0.917014   0.282754  -0.634260 
      396.5000  -0.944960   0.309642  -0.635318 
      397.0000  -0.945789   0.307796  -0.637993 
      397.5000  -0.955484   0.314576  -0.640908 
      398.0000  -0.923416   0.281128  -0.642288 
      398.5000  -0.944944   0.304260  -0.640683 
      399.0000  -0.935345   0.293930  -0.641416 
      399.5000  -0.929023   0.289733  -0.639290 
      400.0000  -0.946018   0.307221  -0.638797 
      400.5000  -0.941453   0.304675  -0.636777 
      401.0000  -0.945831   0.307939  -0.637892 
      401.5000  -0.936846   0.298096  -0.638750 
      402.0000  -0.927820   0.289526  -0.638294 
      402.5000  -0.947835   0.312331  -0.635504 
      403.0000  -0.916835   0.285294  -0.631541 
      403.5000  -0.931319   0.297714  -0.633606 
      404.0000  -0.935989   0.300229  -0.635760 
      404.5000  -0.930926   0.298671  -0.632255 
      405.0000  -0.926834   0.293128  -0.633706 
      405.5000  -0.957352   0.323420  -0.633932 
      406.0000  -0.932234   0.300119  -0.632114 
      406.5000  -0.938268   0.309547  -0.628721 
      407.0000  -0.921375   0.296619  -0.624756 
      407.5000  -0.939482   0.314283  -0.625199 
      408.0000  -0.931710   0.302969  -0.628741 
      408.5000  -0.934579   0.306486  -0.628092 
      409.0000  -0.952892   0.324131  -0.628762 
      409.5000  -0.931136   0.303585  -0.627551 
      410.0000  -0.938935   0.308381  -0.630554 
      410.5000  -0.928327   0.295420  -0.632907 
      411.0000  -0.941492   0.303187  -0.638305 
      411.5000  -0.930519   0.291821  -0.638698 
      412.0000  -0.930059   0.291072  -0.638986 
      412.5000  -0.941190   0.302339  -0.638851 
      413.0000  -0.919463   0.280646  -0.638816 
      413.5000  -0.941613   0.302393  -0.639220 
      414.0000  -0.949313   0.309527  -0.639786 
      414.5000  -0.935947   0.295638  -0.640309 
      415.0000  -0.950511   0.313548  -0.636963 
      415.5000  -0.945536   0.310240  -0.635296 
      416.0000  -0.921167   0.288910  -0.632257 
      416.5000  -0.940754   0.308652  -0.632102 
      417.0000  -0.932543   0.298777  -0.633766 
      417.5000  -0.954977   0.323247  -0.631730 
      418.0000  -0.943735   0.313730  -0.630005 
      418.5000  -0.943095   0.314772  -0.628323 
      419.0000  -0.928405   0.300269  -0.628136 
      419.5000  -0.947542   0.320895  -0.626648 
      420.0000  -0.930630   0.304364  -0.626266 
      420.5000  -0.920113   0.295155  -0.624958 
      421.0000  -0.931688   0.305248  -0.626440 
      421.5000  -0.926811   0.300370  -0.626441 
      422.0000  -0.917321   0.286682  -0.630639 
      422.5000  -0.926451   0.295883  -0.630568 
      423.0000  -0.922849   0.292004  -0.630845 
      423.5000  -0.918825   0.291111  -0.627715 
      424.0000  -0.931207   0.305291  -0.625917 
      424.5000  -0.933368   0.305021  -0.628347 
      425.0000  -0.921167   0.291160  -0.630008 
      425.5000  -0.915472   0.283787  -0.631685 
      426.0000  -0.937239   0.306483  -0.630756 
      426.5000  -0.933288   0.301189  -0.632099 
      427.0000  -0.914707   0.283162  -0.631545 
      427.5000  -0.919107   0.288566  -0.630541 
      428.0000  -0.934830   0.304022  -0.630807 
      428.5000  -0.933816   0.304025  -0.629791 
      429.0000  -0.930837   0.307876  -0.622961 
      429.5000  -0.931428   0.307793  -0.623635 
      430.0000  -0.921413   0.295455  -0.625959 
      430.5000  -0.920850   0.295489  -0.625362 
      431.0000  -0.928119   0.304155  -0.623964 
      431.5000  -0.935814   0.312709  -0.623105 
      432.0000  -0.914598   0.296731  -0.617868 
      432.5000  -0.924226   0.307752  -0.616474 
      433.0000  -0.926410   0.307441  -0.618969 
      433.5000  -0.919338   0.298321  -0.621018 
      434.0000  -0.925004   0.302893  -0.622111 
      434.5000  -0.933879   0.311355  -0.622524 
      435.0000  -0.919148   0.295809  -0.623339 
      435.5000  -0.934433   0.311326  -0.623108 
      436.0000  -0.933513   0.309238  -0.624274 
      436.5000  -0.935603   0.311729  -0.623874 
      437.0000  -0.918207   0.290888  -0.627319 
      437.5000  -0.932354   0.306795  -0.625559 
      438.0000  -0.929765   0.303997  -0.625768 
      438.5000  -0.934760   0.308111  -0.626649 
      439.0000  -0.918363   0.286557  -0.631807 
      439.5000  -0.933861   0.302444  -0.631417 
      440.0000  -0.924254   0.293445  -0.630809 
      440.5000  -0.925821   0.296203  -0.629618 
      441.0000  -0.928262   0.299686  -0.628576 
      441.5000  -0.921884   0.293219  -0.628665 
      442.0000  -0.913805   0.285261  -0.628544 
      442.5000  -0.941898   0.314734  -0.627165 
      443.0000  -0.907631   0.278706  -0.628925 
      443.5000  -0.931065   0.301704  -0.629361 
      444.0000  -0.922999   0.296672  -0.626327 
      444.5000  -0.908670   0.281159  -0.627511 
      445.0000  -0.926512   0.300184  -0.626328 
      445.5000  -0.912410   0.284926  -0.627484 
      446.0000  -0.919271   0.293221  -0.626050 
      446.5000  -0.935399   0.309766  -0.625633 
      447.0000  -0.914095   0.289407  -0.624688 
      447.5000  -0.914130   0.288436  -0.625694 
      448.0000  -0.934590   0.307244  -0.627345 
      448.5000  -0.927442   0.296857  -0.630585 
      449.0000  -0.920604   0.291827  -0.628776 
      449.5000  -0.926296   0.298293  -0.628002 
      450.0000  -0.917788   0.287692  -0.630096 
      450.5000  -0.928062   0.298866  -0.629195 
      451.0000  -0.922457   0.292343  -0.630114 
      451.5000  -0.923405   0.293501  -0.629904 
      452.0000  -0.924823   0.296440  -0.628382 
      452.5000  -0.929840   0.302761  -0.627079 
      453.0000  -0.941565   0.314969  -0.626596 
      453.5000  -0.928575   0.301748  -0.626827 
      454.0000  -0.927687   0.299111  -0.628576 
      454.5000  -0.927267   0.297606  -0.629661 
      455.0000  -0.919021   0.286382  -0.632639 
      455.5000  -0.925331   0.291172  -0.634158 
      456.0000  -0.932685   0.301279  -0.631406 
      456.5000  -0.923295   0.293263  -0.630032 
      457.0000  -0.949768   0.316098  -0.633670 
      457.5000  -0.920018   0.285834  -0.634183 
      458.0000  -0.924034   0.292208  -0.631826 
      458.5000  -0.924880   0.312220  -0.612660 
      459.0000  -0.926541   0.327243  -0.599297 
      459.5000  -0.908350   0.308678  -0.599672 
      460.0000  -0.895865   0.300073  -0.595792 
      460.5000  -0.940327   0.344253  -0.596075 
      461.0000  -0.913792   0.317431  -0.596361 
      461.5000  -0.900919   0.305190  -0.595729 
      462.0000  -0.899157   0.302869  -0.596288 
      462.5000  -0.902657   0.302013  -0.600644 
      463.0000  -0.917732   0.315392  -0.602340 
      463.5000  -0.918822   0.316781  -0.602041 
      464.0000  -0.893631   0.291589  -0.602043 
      464.5000  -0.914110   0.314433  -0.599677 
      465.0000  -0.924958   0.326192  -0.598766 
      465.5000  -0.905930   0.308575  -0.597355 
      466.0000  -0.906675   0.308769  -0.597907 
      466.5000  -0.903325   0.304277  -0.599048 
      467.0000  -0.906702   0.308249  -0.598453 
      467.5000  -0.899065   0.299632  -0.599434 
      468.0000  -0.921382   0.323120  -0.598262 
      468.5000  -0.917674   0.317001  -0.600673 
      469.0000  -0.915675   0.309905  -0.605770 
      469.5000  -0.934051   0.328078  -0.605973 
      470.0000  -0.914429   0.309951  -0.604478 
      470.5000  -0.917329   0.314999  -0.602330 
      471.0000  -0.908248   0.308422  -0.599826 
      471.5000  -0.913628   0.311175  -0.602453 
      472.0000  -0.895049   0.291879  -0.603170 
      472.5000  -0.908024   0.303140  -0.604884 
      473.0000  -0.910313   0.305936  -0.604377 
      473.5000  -0.921989   0.318385  -0.603604 
      474.0000  -0.913874   0.308891  -0.604983 
      474.5000  -0.908167   0.301885  -0.606282 
      475.0000  -0.916144   0.306718  -0.609426 
      475.5000  -0.908055   0.301385  -0.606670 
      476.0000  -0.913268   0.305916  -0.607352 
      476.5000  -0.905783   0.298013  -0.607770 
      477.0000  -0.910685   0.299793  -0.610892 
      477.5000  -0.914608   0.300534  -0.614075 
      478.0000  -0.925932   0.313684  -0.612249 
      478.5000  -0.912132   0.300414  -0.611718 
      479.0000  -0.924923   0.308761  -0.616162 
      479.5000  -0.922347   0.309163  -0.613184 
      480.0000  -0.934325   0.320162  -0.614163 
      480.5000  -0.950234   0.337219  -0.613015 
      481.0000  -0.920620   0.307649  -0.612971 
      481.5000  -0.937854   0.324441  -0.613413 
      482.0000  -0.928830   0.317381  -0.611449 
      482.5000  -0.933046   0.319218  -0.613828 
      483.0000  -0.914921   0.304288  -0.610633 
      483.5000  -0.909675   0.299497  -0.610178 
      484.0000  -0.922590   0.315143  -0.607447 
      484.5000  -0.918780   0.316089  -0.602691 
      485.0000  -0.905461   0.301625  -0.603836 
      485.5000  -0.914894   0.311315  -0.603579 
      486.0000  -0.910389   0.311397  -0.598992 
      486.5000  -0.927517   0.328937  -0.598581 
      487.0000  -0.928323   0.328874  -0.599449 
      487.5000  -0.931829   0.330173  -0.601656 
      488.0000  -0.929386   0.326544  -0.602842 
      488.5000  -0.920378   0.323103  -0.597275 
      489.0000  -0.925389   0.327007  -0.598382 
      489.5000  -0.925388   0.327434  -0.597954 
      490.0000  -0.922576   0.323183  -0.599393 
      490.5000  -0.911140   0.311138  -0.600001 
      491.0000  -0.936243   0.333531  -0.602711 
      491.5000  -0.936996   0.333477  -0.603519 
      492.0000  -0.909484   0.306352  -0.603132 
      492.5000  -0.933451   0.325885  -0.607566 
      493.0000  -0.944386   0.335350  -0.609037 
      493.5000  -0.930133   0.321816  -0.608317 
      494.0000  -0.929234   0.318384  -0.610850 
      494.5000  -0.925200   0.310839  -0.614362 
      495.0000  -0.914320   0.300127  -0.614192 
      495.5000  -0.938311   0.325282  -0.613030 
      496.0000  -0.924801   0.316483  -0.608318 
      496.5000  -0.921303   0.313302  -0.608001 
      497.0000  -0.931368   0.327781  -0.603588 
      497.5000  -0.906468   0.301078  -0.605389 
      498.0000  -0.939528   0.333824  -0.605704 
      498.5000  -0.937844   0.330820  -0.607024 
      499.0000  -0.914918   0.309409  -0.605509 
      499.5000  -0.921584   0.315059  -0.606525 
      500.0000  -0.927097   0.321249  -0.605848 
      500.5000  -0.923241   0.321983  -0.601259 
      501.0000  -0.910857   0.309294  -0.601563 
      501.5000  -0.924376   0.320206  -0.604170 
      502.0000  -0.923140   0.317855  -0.605285 
      502.5000  -0.919466   0.314510  -0.604956 
      503.0000  -0.924669   0.320081  -0.604589 
      503.5000  -0.904670   0.298636  -0.606034 
      504.0000  -0.930585   0.326534  -0.604051 
      504.5000  -0.915559   0.312009  -0.603550 
      505.0000  -0.924325   0.319127  -0.605198 
      505.5000  -0.917101   0.312424  -0.604678 
      506.0000  -0.912475   0.303558  -0.608917 
      506.5000  -0.927635   0.317986  -0.609649 
      507.0000  -0.922502   0.312736  -0.609766 
      507.5000  -0.932954   0.322726  -0.610228 
      508.0000  -0.933647   0.323281  -0.610366 
      508.5000  -0.921037   0.309498  -0.611539 
      509.0000  -0.923868   0.309681  -0.614187 
      509.5000  -0.933777   0.318113  -0.615663 
      510.0000  -0.921132   0.306369  -0.614762 
      510.5000  -0.921186   0.309594  -0.611592 
      511.0000  -0.909553   0.297957  -0.611596 
      511.5000  -0.915563   0.303990  -0.611573 
      512.0000  -0.913308   0.301746  -0.611563 
      512.5000  -0.921801   0.312873  -0.608928 
      513.0000  -0.910397   0.302133  -0.608264 
      513.5000  -0.929097   0.318980  -0.610117 
      514.0000  -0.913379   0.308706  -0.604673 
      514.5000  -0.919562   0.313546  -0.606016 
      515.0000  -0.912606   0.303739  -0.608867 
      515.5000  -0.916122   0.309277  -0.606846 
      516.0000  -0.920839   0.315559  -0.605279 
      516.5000  -0.903603   0.294542  -0.609062 
      517.0000  -0.930203   0.314970  -0.615233 
      517.5000  -0.905575   0.291799  -0.613775 
      518.0000  -0.937880   0.322032  -0.615848 
      518.5000  -0.936396   0.319184  -0.617212 
      519.0000  -0.922389   0.308861  -0.613528 
      519.5000  -0.929979   0.313285  -0.616694 
      520.0000  -0.935381   0.318300  -0.617080 
      520.5000  -0.926672   0.308535  -0.618137 
      521.0000  -0.914979   0.296906  -0.618074 
      521.5000  -0.933222   0.315280  -0.617942 
      522.0000  -0.916045   0.298770  -0.617274 
      522.5000  -0.917314   0.302419  -0.614895 
      523.0000  -0.912689   0.293922  -0.618767 
      523.5000  -0.916056   0.296104  -0.619952 
      524.0000  -0.935719   0.317599  -0.618120 
      524.5000  -0.925187   0.308018  -0.617169 
      525.0000  -0.923196   0.304012  -0.619184 
      525.5000  -0.930073   0.309541  -0.620532 
      526.0000  -0.914157   0.293875  -0.620282 
      526.5000  -0.945343   0.322224  -0.623119 
      527.0000  -0.936193   0.312919  -0.623275 
      527.5000  -0.939734   0.316317  -0.623417 
      528.0000  -0.945745   0.324329  -0.621416 
