t = 280607965
b = 20 20 20
E = -0.727136848139667 -1.03182042478809 0.304683576648425
60.3767865371085 -92.7741207322189 32.6310850616538 -0.944575438623785 -0.166294411053114 -0.283060787817216 -0.200274043469153 -0.391307067704906 0.898203254434362 0.00276154730986344 0.00250135302667896 -0.0106589915112304 0.00589200872607869 0.0160570137399025 0.0104420153268011
57.7957472009674 -93.1920668913505 32.0294476673641 -0.822221135888683 -0.562454044978203 0.0871656525677777 0.433051817727716 -0.518827173749442 0.737078345187953 0.288329663009103 0.0465877288668886 -0.0259160250470878 -0.0942315421683253 -0.0366779714018446 -0.489946733927021
57.8663333424826 -93.4141439567744 32.4689739997919 -0.490249103024151 -0.643555122866154 -0.587786203323317 0.512620964590752 -0.758317207341866 0.402709274429915 0.295750990824191 0.342482315590638 0.247252518613161 0.31250246642967 0.0542061072485803 -0.57022962303067
57.7910172885067 -93.7981852836765 32.8214678770575 0.124689888332723 -0.433955566092093 -0.892263973499784 0.539493367202017 -0.725074828182581 0.428034344744452 -0.277298447774042 0.468828008237063 0.253163419887113 -0.441776759832592 0.528123152403419 -0.395165030230578
58.4776769578034 -93.7111352515687 33.6402986431641 -0.000659657838252541 0.359724912645926 0.933058171859829 -0.119899286147973 -0.92635579647101 0.357056157384854 -0.0757976411619899 -0.203048994890451 -0.344630762985655 0.64812064630832 -0.343454097350681 0.391727959262126
58.6999709619412 -94.0703730145908 33.7041464675911 -0.741192898965495 0.208709542622968 0.638023050793578 -0.0849129278556919 -0.971955055728414 0.219301537459506 0.257339304738358 0.508430982218953 0.273096399347824 0.37097651328437 -0.620859150982229 -0.16455709760988
58.6547766512268 -94.4948722991594 33.9928996730252 -0.984667702935263 0.162689602699071 0.0629413057369945 -0.158344151482464 -0.984984163491923 0.0687991813843107 -0.0488823150195218 0.30704404013634 -0.443106699121485 -0.355092001564756 -0.173590175403295 0.424538018190122
58.4891387072801 -94.8491146072992 34.2899530593871 -0.522326766019488 0.0401141038376594 -0.851801390097018 -0.0399441870406582 -0.998947429952412 -0.0225498139808316 -0.599139692429235 -0.267926735707615 -0.224712720936764 -0.242247358061967 -0.845680694168895 0.293737010689765
58.81863596767 -93.7991663930267 35.0117973811879 -0.182944578603732 0.748441117015955 0.637469352609685 -0.840263631195866 -0.455653731656039 0.293831085685595 0.207963721059252 0.137580520567503 -0.410258332134093 -0.14197511074166 -0.0670432635848275 0.00914953131781902
58.3868586839932 -94.009758536148 35.27114925464 -0.236471683062582 0.966511369249122 0.0996840820704776 -0.884800870385668 -0.256596011284054 0.388954890386394 -0.121149160223591 -0.387394961306843 0.265880409567406 0.504365920414432 0.168927788254679 -0.48988480186122
58.1043685944586 -93.9863207987707 35.6605156776063 -0.47043677266669 0.537411392047592 -0.699913022183288 -0.878008799038389 -0.364395274835341 0.310349210550321 -0.18833154856077 -0.304631174355115 0.139297438827918 0.0487589114712625 -0.406367700474137 0.201660199274454
57.7110966368098 -93.9554166983006 35.9134149566235 -0.0485777161293628 -0.233549179402291 -0.97113077713441 -0.71334040136824 -0.672442463843856 0.197399606377037 -0.114825302264012 -0.0281000100521665 0.324744819093911 -0.382526947765382 -0.0029358118338067 0.296105574934979
57.2079912225237 -94.1843332142818 36.061157107453 0.254431507887851 -0.404837458370388 -0.878277427750019 -0.764093711595402 -0.640842344375084 0.0740397836142035 -0.357938953309528 -0.0201498799706582 0.223948359475605 0.427446295921701 0.0238727416255792 -0.598942620411284
56.779662838484 -94.308130122683 35.7889010437885 0.663311170713682 -0.745542476714865 -0.0646893053097049 -0.748281030049532 -0.661891597912505 -0.0444411147672217 -0.131606828757157 0.289152166217614 0.39484253916325 0.205897295353015 -0.223209168792927 0.374959691114603
56.6093151740867 -94.6152463150338 35.5088444989378 0.174631061400762 -0.538423082193512 0.824381329818789 -0.932121679157309 -0.36016908697901 -0.0377810008666508 -0.0233871278070971 0.0719475293410664 -0.163038918128957 -0.390427530542505 0.0120716201606572 -0.121678682732448
56.3869661299732 -95.0633976110021 35.4757012246127 -0.281435201067953 0.348749151433297 0.893962111598858 -0.859862705901 -0.505189673146989 -0.0736173970342992 -0.396756421474748 -0.115565484220839 0.314361561555516 -0.0293497086739207 -0.0747285820129997 0.447097114991252
56.2564372331841 -95.4648438879242 35.5761558802753 -0.630463285426347 0.770102458142119 0.0972535330429837 -0.765383248118272 -0.595901572375239 -0.243083935169634 -0.0493087751465545 0.130759521567095 -0.381793266698797 -0.413373915255893 -0.97367788803112 0.727231014089415
55.8226686541179 -95.6139628597823 35.7644429272665 -0.276377293299209 0.570631620451723 -0.773301458355048 -0.649745560065511 -0.703829724115164 -0.287148788314881 0.0245135808156782 0.252021105207828 -0.19255576708585 0.0499050630202315 -0.0657434101513184 0.482476879898192
55.2914774168624 -95.7657976043927 35.6858583574488 0.300344881582225 0.191233347514126 -0.934463888499068 -0.654807033852324 -0.671025301836465 -0.347782680293883 -0.0622329418802209 -0.202787392437746 0.60234766858809 -0.370081048299291 -0.76669296442531 -0.407893433377255
54.8067538154178 -95.8273717742624 35.4545347453881 0.744279776378994 -0.442189576241914 -0.500515727167371 -0.644504895324306 -0.672028211748102 -0.364680027592108 0.501146742837162 -0.0229546410564927 0.1771071813203 -0.0987269231998396 0.148063236533156 -0.431986803417163
54.6591256584083 -95.8960103121964 35.0337998074626 0.376581092065008 -0.864665393891893 0.332476221273668 -0.702637215325819 -0.500492045005494 -0.50577530241336 0.217538267962285 -0.141806582149176 -0.092179036051845 -0.306224656121756 0.106094019605679 0.455050948316425
63.0596805043984 -92.0886865588581 33.1003066507559 0.47648079115755 0.162684520688825 -0.864002200452637 -0.878969912128184 0.109877101252653 -0.464046243597954 -0.346718205667959 -0.522290679378288 0.26228585564918 0.19890671732243 -0.400634532031849 0.252989251393668
62.6776643958647 -91.8805669181639 32.7898975633473 0.476570180974618 -0.57420209564055 -0.665712262139216 -0.863647653881372 -0.164269041283179 -0.476579911469976 -0.401927567583095 0.141246576446866 0.183548959414159 -0.276220090353544 0.200538866021867 -0.04372203351859
62.3906777999783 -91.8521327371188 32.3383960129703 0.30737842297389 -0.950731850537165 0.0403417087666803 -0.795959307176886 -0.280110379119212 -0.536644162205606 0.403264491944009 -0.0357956801289075 0.0830021031803984 -0.0628350319482167 0.0317149260285049 -0.0821619678511756
62.2288236491944 -92.008468754432 31.9218539270731 -0.207904671740211 -0.680751934185826 0.702390526393001 -0.780795954466651 -0.317030824587319 -0.538376386690601 -0.0361523706215755 -0.23016800283186 0.0895750845633651 0.452304195516246 0.140324441379304 -0.409405461224586
62.0535487491907 -92.5084017189949 31.7021112241781 -0.650972565488664 0.167326058105037 0.740430083979051 -0.730772159116154 0.125846215237664 -0.67092084598086 0.209577297272046 -0.32162663052557 -0.307196114678676 -0.213830895995322 0.110826043793545 -0.42177678128369
61.65402494914 -92.7498094547938 31.5626235978774 -0.409552474237945 0.910787520648948 0.05227679295767 -0.42506543424046 -0.139808071853275 -0.894300329677696 0.572225580776821 -0.419678045626159 0.141529550773787 -0.38974145503003 0.183367419207884 0.0153756490866138
61.2686260510121 -92.7370662713402 31.3523397089731 0.242647124717005 0.884706102681745 -0.398016940272753 -0.584230712027813 -0.194270993116143 -0.787993182938177 -0.0139397730707766 0.145536807609152 -0.279208958212235 0.385160301567193 0.00847025064040586 0.08976592451217
60.8622496982175 -92.5997882563603 31.1975043733354 0.688897360290051 0.144591014596249 -0.710291394768418 -0.701727629607207 -0.112539348987067 -0.703500695645754 0.0573756759538845 -0.250623814707876 -0.548880086941846 0.0759050857435829 0.248702498811793 0.121223096116092
60.0787796238802 -92.0239833595035 31.0487125656255 -0.630777236323404 0.760035640383566 0.156415803171967 -0.375155152061026 -0.122249877869791 -0.918865376017685 -0.405184990642695 -0.00734045794757169 0.230710758130641 0.13417263254977 0.357260094444307 -0.285877362850013
59.6756447565873 -92.2222984098923 30.7766117527801 0.0423059707460396 0.989913965420021 -0.135205569055389 -0.556805740821094 -0.0890024432117122 -0.82586072196817 0.0627945445963895 -0.1020833060633 0.0999282235168158 -0.210021405642869 -0.285450729583055 0.699182550738757
60.3714685552662 -95.0625805573443 31.6651211364476 -0.811266078732466 0.144238803549168 -0.566606139264298 0.144129965044702 -0.889849492582026 -0.432890787306072 -0.387275855904171 -0.0916456357963173 -0.450311116762206 0.308047034508207 -0.360002750623617 0.274571832147476
60.1548877569704 -95.5367407695391 31.5126987790688 -0.359582128403468 0.465957047208005 -0.808445868993537 0.0345792414503075 -0.859146895390077 -0.510559387540405 -0.100232325352357 -0.193525359362815 0.150059557798322 0.379533817069384 0.602167139336923 -0.207615254577012
59.7943471058798 -95.8188732111377 31.3400641263891 0.614184120167078 0.320734836276662 -0.721045790040191 0.136936349118298 -0.943138259597671 -0.302883904451613 0.299506014567964 0.00360003989549551 0.222396050442372 0.0720706099072056 -0.394800295751501 0.178804688233862
59.8035976420323 -96.2848976014385 31.0849977113677 0.868026354632227 0.425033726806905 -0.256664330865233 0.379703072978201 -0.901320233497608 -0.2084404304688 0.906208263137925 0.26808241564963 -0.0925150693055734 0.193369068855979 -0.410367706579544 -0.266855439337545
60.0593505063855 -96.632156876393 30.7916388419911 0.644895028875249 0.412806141595384 0.643196308441984 0.538092457482916 -0.842884568038438 0.00145332836056874 -0.298791333320232 0.184185458764829 -0.0619773026401865 -0.708246763308943 -0.621444908193631 0.0802880041182458
59.7682945213542 -97.1400567183206 29.6073897319654 -0.0337797539015473 -0.786143088757461 -0.61712071122389 0.242625653240757 0.592551137759417 -0.768124951766648 -0.18212224984295 -0.394777438543858 0.170646380013553 0.267026218519091 -0.748735371695704 0.281244457863183
60.1265068554411 -96.9864595418068 29.285477317011 -0.854000596772753 -0.347698193772156 -0.387025770148317 0.15919481674484 0.533577802393012 -0.830633336143145 0.00306919708949032 0.217042584026894 -0.0211502534441299 0.358385988376143 0.178689993157161 -0.312375958225017
60.5403259243152 -96.0445032586082 29.1864812294157 -0.383558794853183 0.680732910400174 0.624087618521301 0.845556926704748 -0.0128880148256346 0.533729690740013 -0.142314255107239 0.278978587351569 -0.225779477703875 0.363477547220852 -0.188269948601622 -0.113820954369318
60.9324600946118 -95.7140796829068 29.2963522853851 -0.43562020656583 -0.164531900085653 0.884965699609439 0.822141271179641 0.32757167223527 0.465596960656867 0.14716400154226 -0.160962372087039 -0.230738422346604 -0.233886389999067 -0.115605238873552 0.0672464498856122
61.1197989007661 -95.370983137677 29.604369942867 0.139978711126781 -0.89519750678442 0.423116277492574 0.875978565245334 0.311172002439089 0.368556017628882 0.289626852286486 -0.610287044006322 0.0299703558205564 -0.0231254997575077 0.220369780966293 0.00637504321593747
61.2860089674142 -93.8647260046512 29.5033623135103 0.183299971385292 0.980432613334451 -0.0717844774356426 0.835245661803816 -0.193832234399391 -0.514581139710909 0.113669565169283 0.0262348577640887 0.104239626197347 0.188915360580253 0.512362737874053 0.359740742566489
61.4784317823724 -93.761414552385 29.0035726880523 0.562441462665349 0.509176340556002 0.651459173926388 0.758064290772258 -0.00295104943253959 -0.652173153666601 0.111908836833319 -0.322478868289774 -0.438725088671891 -0.352279853031303 0.258922455687481 -0.128643344258105
61.7451384209166 -93.4916918805759 28.6444834100322 0.517265052879766 -0.492461496724905 0.69994181137552 0.740603514462567 -0.152284905153754 -0.654458357748593 0.430349110266949 -0.145132505863292 0.35080157277522 -0.0492018766301429 -0.524157241469002 0.0194306979581252
62.2120031737959 -93.1438928900381 27.9471967046937 0.819362917097916 0.110641305518293 0.562497032523368 0.564510945656602 0.0151969291356076 -0.825285675131867 -0.292949394183197 0.251607936780557 0.0374674382219448 0.74801528121779 0.0767412100670742 0.379772250371351
62.4961973681825 -92.8778785602599 27.7097483307021 0.505726746543811 -0.824393764548337 0.25419555229286 0.371115416601649 -0.0580998461288097 -0.926767368567355 0.328071596531865 0.47048243314122 0.205119162572162 0.256951192776468 -0.0717998357674865 0.354191098737063
62.9004712723011 -92.8119690383267 27.3730882014684 -0.171850885598157 -0.984460426825192 -0.0361239689973514 0.168972928629983 0.00666920541954498 -0.985598128596546 -0.295941082367571 -0.291244561062374 -0.447507841364703 0.0135370177708843 -0.386701407306873 -0.311611096845135
63.2446665529058 -93.0052258838063 27.1074725812242 -0.86428639452964 -0.293106820098704 -0.408775513264633 0.391927976768583 0.116961547889516 -0.912530798024628 -0.31852372632796 -0.196515491180365 -0.00926707554725352 -0.0216088546189646 0.292399263788803 0.0163510534615172
63.8633657446474 -93.0485966645557 27.8731871021342 -0.845269536349456 -0.188556175619823 0.49996597839822 0.40795854896807 0.376555983697182 0.83173037305812 0.0589499835475615 0.140190552051015 -0.580038356073858 -0.438388437214519 0.345322954284305 -0.424223519815419
64.5323067651434 -93.7431485498298 27.9449211083378 -0.736313816174271 -0.665282926883299 0.123452789801021 0.325135792588307 -0.507877136157611 -0.79771394055006 -0.13306100041542 0.0247222089802561 0.498138442593735 -0.400346121766947 -0.50903467708767 0.20711741550242
64.727376666503 -94.2009640202273 27.8157410592987 -0.872178075368358 0.0168832818788423 -0.488897084915347 0.341103414158899 -0.695378576962004 -0.632532288149887 0.332570982468222 0.0732125903979526 0.622754148635128 -0.183679463320854 -0.249796059374415 -0.0520139329487973
53.133574849669 29.0384923221556 -18.8625700917068 -0.714202772580685 0.435311334858606 -0.548104407370607 0.688409734909456 0.295322401401038 -0.662477709897367 0.00237335007000289 -0.00477886381643953 -0.00524841613678495 -0.00462213929161985 -0.0102248735977214 -0.00184601728026757
51.8065438333008 29.5797458190714 -20.0798654233078 0.40119656480805 -0.86478576115582 0.301971693521387 -0.788228699786933 -0.493875673672453 -0.367127138448678 0.177531409636196 -0.379302900634484 0.147504624920902 -0.242470305844327 0.0397426172289244 0.213385706247247
51.6387683299356 29.2258888911936 -20.3672203680721 -0.0352145007831192 -0.500662192046159 0.864926186672156 -0.834996517266088 -0.46080451472205 -0.300732464764659 0.130419286211112 0.73357123219853 0.265594673235088 -0.33885523423559 -0.0943118491280301 0.263873169782387
50.7440198540971 29.0567596488178 -20.6328121873252 -0.211591798819501 -0.872027118735904 0.441358827782337 0.805353318940795 -0.411419289155599 -0.426778865670692 0.000596878038653052 -0.148450301155531 -0.0215237295599635 -0.0467976162200357 0.147571785468875 -0.133588729524413
49.8110833390983 29.0854657664833 -21.0161242540535 -0.917411211638209 -0.309438103663199 0.250209369843928 -0.38789901083897 0.555019763213655 -0.735858287871373 0.201876949815959 0.185390747751015 0.224957750937128 -0.20089992863626 0.241482002963089 -0.173274405749303
49.4010403851171 29.2559484607094 -21.2994889785583 -0.719683969071303 -0.0503612316623248 0.692472909945835 -0.604749862794281 0.53542500855489 -0.589574137548777 -0.0551135579341354 -0.368742620176368 0.00919326449424804 0.0413233387263278 0.464761661201903 0.281102707127472
49.3028074474687 28.2978910422234 -21.9610331485156 -0.492927900716651 -0.870060721856232 0.00405277439603356 0.702524101110172 -0.395254339209013 0.591805622394078 0.317483880222968 -0.0855136664887811 0.0878426698725452 -0.00634709973427691 -0.0854908138705203 -0.00481016073805149
49.3673465832011 28.145001595283 -21.4833472631728 0.215373493325503 -0.843292112664477 -0.492415141005819 0.684814788041795 -0.229047811728383 0.691784508371183 -0.343940954033424 -0.176209034393935 -0.373654197931445 0.162977083792158 0.0892036084289403 -0.0720564572275944
49.4112145715711 27.8783628390166 -21.0814840541837 0.750397609409721 -0.30127201931119 -0.588335446978732 0.568327871597345 -0.160400893303046 0.807016098843415 -0.119259266822594 0.174506407632049 -0.071198222182149 0.13439590103972 -0.169279182556974 0.154707929084405
49.6556098623389 27.5201482856517 -20.7750679733439 0.628873656108381 0.674224535963612 -0.387219833888266 0.581591653799654 -0.077393426438045 0.809790964245301 -0.272238785840535 -0.283004855239844 -0.0144379739061855 0.648045892229231 -0.233125476319323 -0.123134791649459
50.0921649547869 27.3825138045517 -20.6882067903251 0.111159169413223 0.960439878112831 0.255340712745899 0.618151346768454 -0.26800227880256 0.738961224317541 0.542510697593283 -0.0670050866733539 0.246209133722105 0.0152783145421553 0.682961154417579 0.467923178250773
49.8897411736765 26.7316514780392 -20.0222210810917 -0.64085638040179 0.638202399422715 0.426615514328773 -0.733649895505639 -0.672762137725261 -0.0956500750863632 0.0914171326401966 0.274369150202165 0.136129519211975 -0.957473880236669 0.50560552724742 -0.368626832744354
51.1047574672812 26.6549639028494 -19.9641486720584 0.515013980831901 -0.392174964589112 0.762206925119905 0.161087163037234 -0.829077580241288 -0.535426271161818 0.196224369656341 0.227250761330701 -0.223998600407843 0.489234078763775 0.31830910579273 0.204309678850904
51.4334234440314 26.2669446245676 -20.139053451407 -0.404616749959116 -0.346696040233431 0.846219322243658 0.09111565223431 -0.936028546422738 -0.339924253620237 0.443076901821108 -0.134262319917261 0.236336945432131 -0.47565212075899 -0.14211196931173 -0.284968624112375
51.6321034222981 25.7446266811844 -20.0489220126555 -0.931518117367548 -0.0210256663058238 0.363086654085954 -0.0217236158539289 -0.993328453915435 -0.113254876994226 0.337161486241957 -0.559274293720788 -0.0875133158364944 0.201448032666079 0.1248983367361 0.134180095358256
51.6902895645449 25.3048443311159 -19.788306108839 -0.916339407412942 0.0381660631796156 -0.398579279493086 0.0803307280151313 -0.957683894822142 -0.276384753072303 0.240487436424238 -0.19709285757666 0.132006411632575 0.505620706590264 0.168420304608959 -0.361029188490155
51.5683511282094 24.8128660205244 -19.6253961480581 -0.311657512261933 0.00806324907842334 -0.950160291249276 0.412093005241551 -0.899881117191482 -0.142805216838366 0.32135322179239 0.056260395672823 0.390464423469041 -0.216245396119969 0.190912926600365 -0.423235494465721
51.4363693407327 24.3470898078817 -19.6494711160901 0.390041671604048 0.207302160607202 -0.897158463495367 0.171278418330267 -0.973657542543935 -0.150514760948032 -0.45766848584412 0.0319725845233022 0.466633745377588 0.125746199268363 -0.262941604302113 0.425186644140735
51.2502883325582 23.9269066331429 -20.0672154073208 0.895033456618503 0.287597066518596 -0.340885668310605 0.290520927312863 -0.955872449347826 -0.0436514761077003 0.0221887068613779 0.497405911734699 0.109857735362908 0.430085235431014 0.204589731552022 0.611296314666631
51.3490356468963 23.4758986352943 -20.3890672033222 0.883948030065685 0.293422291423713 0.364059389440434 0.346622717009445 -0.933771289667464 -0.0890161257643124 0.563777539710126 0.511332923618369 0.421835725855928 0.135053742491431 -0.131638795548125 0.0471193056800282
51.6768220164625 23.0802061410968 -20.5858828757369 0.40543855342716 0.446326064660295 0.797754738878299 0.508041262265558 -0.835526507618581 0.209259482236806 -0.16749551919224 -0.856568345165375 0.178803225388586 0.617325166157787 0.204763135307991 0.355916250443582
54.4509087045713 27.6073498248188 -17.6379375868738 -0.46450891237261 -0.845785707357135 -0.262446199360784 0.593351671990107 -0.517249420353786 0.616755081448137 0.360379813230937 -0.289738749811381 0.220989016544282 -0.134374101292086 0.239041297293591 -0.168663232915781
54.5490243875851 27.2782540601104 -17.2571954503725 -0.044996348448501 -0.617236118822196 -0.785490230526231 0.640365453737901 -0.621318656502717 0.451547575281276 0.121831959108389 0.129387310869452 0.841680462902849 0.146643140873732 0.57251002195346 0.177649795267478
54.6169745419177 26.7613108693254 -17.0956959004347 0.672498715772875 0.105493666706796 -0.732541168515232 0.656739847361853 -0.541414548142787 0.524941006160116 -0.223177196111566 0.214323841360015 0.790359824797464 -0.0577766934881198 0.257146621458889 -0.077162736794075
54.8872987411004 26.3209207655871 -17.1626389660148 0.70630995192207 0.664297603352146 -0.244611827168695 0.70743471765049 -0.649802120434462 0.278016770242523 -0.189234127615688 0.138558551004376 0.121982480559246 -0.18633014903727 0.0226892160593383 -0.185848323588425
55.2986792096585 26.0797921565654 -17.1923717229731 0.486747642099121 0.844142042945147 0.224724151441344 0.802995243372619 -0.53365972525213 0.265341170498543 0.00740254788291058 -0.0869668394724595 -0.107289348328223 0.212886676482496 -0.484734690928063 -0.409015311557806
55.6866543755769 25.9849711163953 -17.2635152526121 -0.186247137419037 0.323814563750606 0.927607746900103 0.855985182932132 -0.409970748648547 0.314981510336879 -0.317117764124797 -0.293082630969925 0.0243614289635976 -0.184115914746496 0.288967213733377 0.160410971400224
56.0923996940465 26.1620286912936 -16.9925587651842 -0.336713300682231 -0.470631066954672 0.815555364129698 0.873246770181219 -0.480070941535489 0.0834983201188404 0.124168880561501 -0.919338540173613 0.144442278208414 -0.336879276649189 0.901812960789313 0.186554383821733
56.5376447622182 25.9938268796823 -16.7348952100214 -0.771997790991137 -0.410361295454106 0.485410154301372 0.543308713515995 -0.822378057311046 0.168848964083059 -0.101177786418123 -0.0957941216142962 -0.379980139188454 0.117402743408959 -0.273381409099679 0.68238575211884
57.5760863994887 25.6170869913237 -17.1363037916179 -0.0229360721318946 -0.966475930762498 -0.25573074090792 0.356242143485422 0.231105886312715 -0.905362692246644 0.606349536308705 0.210572731070589 -0.126337119261927 -0.0198400423220082 -0.0997553996766284 -0.0643796829058823
58.4725184535285 26.2316705987191 -16.8770414880022 0.646002945990309 0.526932742996058 -0.552288039097177 -0.604709746049345 -0.0882718359330802 -0.791539137386081 -0.305727106460046 0.343835254684888 0.522135987575671 0.00729126365817479 0.00297217079638771 -0.444665152341044
53.1435848598136 31.1878220547703 -17.9751440279764 -0.715880159570103 -0.0253634976640166 -0.697762345014096 -0.513567008242408 0.69616796845173 0.501596538809771 -0.356229697314255 0.57704035272963 -0.21083759751681 0.432340925069215 0.743934183897166 0.0211638353201798
52.9056970854847 31.6672198382998 -17.9676449022186 -0.739943479814182 -0.647929341248186 -0.180751806166615 -0.637923735271615 0.590671381315422 0.494126124865024 0.333802770281828 -0.0341105524492631 0.042486914854281 0.199371781193042 -0.0157070227652623 -0.0653667051251836
52.5091111635366 31.97773586726 -17.9868058670385 -0.409251920497293 -0.833507714571968 0.371184260600776 -0.734430642159853 0.542319318393307 0.408045816978561 -0.0345113991811846 0.0594613396376002 -0.0168029433926291 -0.142860758380716 -0.120699855166783 -0.211978790770327
52.0499684392662 32.1717616580087 -17.8365738412575 -0.00698472917913691 -0.862139980602309 0.506622016305745 -0.56731346807548 0.420625978378693 0.70797543407478 0.932733101401019 -0.383540275742401 -0.155269622482843 -0.0985676119322504 -0.415342694914117 -0.0600305421832165
51.5890862125278 32.2106110151347 -17.6274032037544 0.48167252152815 -0.544145198436072 0.68694802206913 -0.600512186994272 0.36596467994773 0.710953561284483 0.17001367664024 -0.900344087145427 0.112027410124551 -0.371698980881708 0.215893160596724 -0.0944752223114067
51.1995513403101 32.1676637987746 -17.2790396864778 0.862767584705668 -0.0852068681874669 0.498369224970349 -0.464062426360992 0.257811338434451 0.847454646701572 0.261559921359032 0.0770958123983042 0.544172567229624 0.623090946837399 -0.0159076528631408 0.00966761725542002
51.0848173207571 31.947924603324 -16.7553004229639 0.766856140526171 0.604354096316451 0.216073566179744 -0.464745871010551 0.290683620862591 0.836369719646068 -0.0909122284359116 -0.300794135502776 -0.485008316086186 0.474133130497001 0.256812368391565 -0.524831489419473
51.0412827738388 31.9922687842778 -16.2341211012386 0.535475018347654 0.776298831716698 -0.332605815647754 -0.524393588927997 0.614325793082876 0.589588995696131 -0.224497832388099 0.00120544026879811 0.486503868809943 0.50710082253299 -0.815544476004301 0.282845269177443
51.1380900003686 32.2685306469042 -15.6939149400244 0.0741604941592158 0.677046021187117 -0.732194582269029 -0.661404155190094 0.582891508119436 0.471997916587065 -0.00478599311843836 -0.158415655516817 -0.602510355783901 0.157566025338599 -0.248104244236997 0.691223062534552
51.0065599285494 32.7569411105742 -15.4466622872002 -0.354431199044469 0.135059976706821 -0.925276892521197 -0.569396802265092 0.753735817211868 0.328130460976663 0.62860642387407 0.698593649840785 0.317123780007382 0.157744375612796 0.25010992951671 -0.249657147017655
50.7677021853043 33.2320640521675 -15.4206675041626 -0.556986185874554 -0.378962429318938 -0.739022236408674 -0.682494443433613 0.715898509717608 0.147277487977685 0.125761514334703 0.289382153635394 -0.36450487002413 -0.281235088765508 0.217799919090314 -0.433333566791906
50.4936837283288 33.693257465908 -15.5879044707608 -0.5131545850035 -0.769819268755717 -0.379540070800745 -0.809629614760198 0.580946007656385 -0.0836757019202136 0.320992872258233 0.0852999055750628 -0.28780192735211 0.636200649450035 -0.290092603481545 -0.124198921751506
50.2191643568685 33.843570897486 -15.9534600476133 -0.61277634887456 -0.661574259893667 0.432232165513827 -0.741835651872095 0.670074134604422 -0.026086773366356 0.868102897251309 -0.426070683115513 0.0160649641627635 -0.000441013999940116 -0.0979460622413792 -0.527016181542742
49.74306911569 34.0350394292322 -16.1179459400851 -0.338536056822764 -0.470942454101499 0.814620490261613 -0.861835546064012 0.502668209886926 -0.0675585842597471 -1.01701885284393 0.273114010123381 0.617071647161273 0.365333397197806 -0.0435077236540583 -0.403477811056961
49.1901693097395 33.9192596167815 -16.229509619582 -0.0155336751982325 -0.0450958102062879 0.998861888770929 -0.97559164440234 0.219529654042154 -0.00526064331417981 0.0503477298567994 0.0583042031746905 0.539999715424756 0.251341446849564 -0.178968148742243 0.371809264042424
48.7307887728709 33.7834872215936 -16.2054150601574 0.260242856935599 0.594891319160201 0.760511652639604 -0.904832383436887 0.425149829149239 -0.0229342681726109 -0.108564700004956 0.439011034354896 0.442079418586467 -0.167711023905376 0.0595881468840535 -0.0878065164284355
48.229535273187 33.8719865585264 -16.0062923649265 0.460434077365674 0.754529167616269 0.467638958619182 -0.865399203126219 0.498858403774997 0.0471647348442009 -0.5601437192748 -0.120777075336819 -0.212837437573276 0.0578383039313591 0.219807898650999 0.0137824977588767
47.9352650871312 33.9645744671913 -15.5591642983288 0.363907321826717 0.833971502924721 -0.414804765433321 -0.915026603707732 0.403311885530478 0.00811403062029625 0.0331032370408033 -0.167700875203498 -0.20015099074347 0.457087024324347 0.0739037506889459 -0.284869645589737
47.5501947648732 34.2961526349638 -15.2831025790317 0.27668099759515 0.51664576248783 -0.810262168479951 -0.851374140577789 0.522822470777793 0.0426466505086524 0.0807072502563587 -0.0175613074547351 -0.182298408088016 -0.207651933217262 0.398845161995475 -0.30181573093593
47.3493026196052 34.7727507508759 -15.1648592559171 -0.100794032735044 -0.0667793582382372 -0.992663628968291 -0.771211010234614 0.635586153069391 0.0355502421708209 -0.32024332427251 0.255180728451306 -0.0612185066745727 0.512592474160919 0.564865988142276 0.0324194320915937
5.02205607633872 55.412449027849 24.4972246579422 0.872468603244606 -0.15102670783816 -0.464746672792823 0.476015371950145 0.477692374840029 0.738389707868695 0.0040319163273979 -0.00662466004752278 0.00538658557335902 -0.00202512257870503 -0.0120086317703963 -0.00671801373540788
7.38877999123114 54.9934827407925 23.7233882591614 0.0959866983094082 -0.147876818875222 0.984336832687369 0.91703292561452 -0.371430636567815 -0.145223605367845 0.0731865623463745 0.192368056944501 0.135054202453537 -0.190313166483787 -0.172787716599519 -0.229749120046057
7.94320585713093 54.96003711716 23.7817188436483 -0.25505876490909 -0.518375246381937 0.816230439510684 0.932471799329101 -0.355199397506157 0.0658006950644314 -0.115890352650224 -0.192184768717463 0.201795917475959 -0.520759451931397 0.602829943549354 -0.420405998000618
8.38249713095562 55.0001883342933 24.1153063963481 -0.379128112718366 -0.902994030195604 0.202147608382843 0.920784586650299 -0.34648796887707 0.179169842352785 -0.11424646811662 0.22723307711347 0.461173962981315 -0.0505703986712716 0.284145561047377 -0.443749893558392
8.80197221510485 54.787711399212 24.4702852428538 -0.497239579975943 -0.815840100880972 -0.295224880212964 0.780395547229203 -0.569255347304456 0.258710532117904 -0.132481929032934 0.24897495028848 0.0643681143179151 0.00265643990463963 0.166450367668801 -0.0586606567167206
9.03846422118789 54.3645290905345 24.8334675586733 -0.245394790600549 -0.41362952383019 -0.876750827638079 0.781193616637245 -0.619910255425228 0.0738092714092166 -0.116401638294437 -0.340827832714689 0.365030314256986 -0.194304139964656 -0.0644307770997956 -0.709784162384531
9.15279010386087 53.8406162759169 24.9333403377886 0.0400298527816193 0.0901517946100123 -0.995123241017056 0.717440701875743 -0.695780864155482 -0.0341735038251994 0.378055240765248 0.0742720551288873 -0.111874063770842 -0.583080205457744 -0.0392837610197506 -0.368480550541322
9.2954248509118 53.3693024113381 24.7675361984599 0.384045627856295 0.595581924899926 -0.705543142873875 0.675065001304148 -0.702446695321163 -0.225512492434441 -0.207156595030881 0.044609030353085 -0.126053398001392 -0.115509241210678 0.247103467244134 0.343211761270628
9.55776622331792 52.938791531076 24.4087912962724 0.44218668474282 0.84556399394265 -0.299152917393091 0.782460059245469 -0.5267056033968 -0.332170834114013 0.508842440363849 -0.416463534119494 0.86161909977017 -0.284293112360139 -0.39614982485924 0.0474648384227528
9.85297894234859 52.7664438589693 24.0712635391002 0.537365312383862 0.81718935235675 0.208422847691809 0.835993969320822 -0.483585708519876 -0.259343297143905 -0.032207630644234 -0.0572040067106902 0.0129542303811503 -0.54561835304746 0.356544503129465 0.254165287112882
10.2052042346881 52.778871926359 23.6272788242248 0.439392034138225 0.4514456801323 0.776615373414736 0.859732017416654 -0.461932840977143 -0.217896554934718 0.423798158934643 0.157039150415233 0.0438124289727527 -0.0446580226239194 0.241834929594111 0.347051706470031
10.6541001430537 52.8863136344843 23.387938029035 0.204419829961254 -0.144317211179402 0.968186488066736 0.878792929383361 -0.408634621279104 -0.246456352233085 0.0359642197511263 0.0239952202091175 -0.413264336134547 0.191151255519734 0.449724374456532 -0.10153424494066
11.1985050737045 53.1141427640413 23.3890263691411 -0.0985596575104618 -0.674456417426662 0.731706590719782 0.81369702979871 -0.477906979960533 -0.330910958114251 -0.353881632348471 0.569697920698408 -0.168156831745078 0.0321910694468742 0.124746297409765 -0.190657993523182
11.6725037636506 52.9318220046834 23.3904753507324 -0.508206778351678 -0.804299425023647 0.307942048677664 0.736597988354641 -0.591198739033632 -0.328492700858337 0.659492643589409 -0.368477044746173 -0.0222746985007077 0.0550605268752047 -0.750851642095917 -0.132452629495677
12.0670535802096 52.6002736629165 23.4825440718339 -0.833323926173865 -0.530119029828848 -0.156668593785285 0.527495760703972 -0.677851319324255 -0.51211894256048 -0.073670468558134 0.501948530453187 -0.173751677444693 -0.146327308365432 -0.148653371878015 -0.125824054968757
12.1893735654438 52.1306154802942 23.4167626336469 -0.743145420064719 -0.0119216566810025 -0.669023735556815 0.507427194670915 -0.661797840016053 -0.551852571850685 -0.0263518700052745 -0.519975383558641 0.104225849974547 -0.0745387425021538 -0.354496293518931 0.885884003576494
12.1772647714363 51.5618887553733 23.2274526240236 -0.563255756092911 0.413757685655311 -0.715225510440827 0.444832736280498 -0.57761069444512 -0.684463090598118 -0.171066409790577 0.0466889123227633 -0.114469208134368 0.0314341039279834 -0.109214204422627 0.0929758651590555
12.0951145100985 51.2001083916964 22.8750137351985 0.0166145568719719 0.785694478940138 -0.618391576802456 0.318735258276536 -0.59037228348929 -0.741531120059511 -0.497233640923381 -0.487200974436526 0.235569265277781 -0.119440114991879 -0.184487291297073 0.289643060111483
11.9797884984447 50.9215625567727 22.4184435520997 0.45153106867 0.857586511071891 -0.246302801548638 0.44491120729088 -0.455680678597869 -0.770979336154393 0.216018382811213 -0.161538905713119 0.0103046357236635 0.699438120237037 -0.100781330123025 0.41148437944987
12.0308276817256 50.9182740282852 21.8672479359635 0.78303664957753 0.555108864334617 0.280549022732954 0.582706923999359 -0.496999761802763 -0.642996016700715 0.0998190439967021 0.0651619546105941 0.183633888891473 -0.00686000384145953 0.0621705559968098 -0.547118661974209
12.3657841696028 50.8503756223378 21.4594643597297 0.56787917677899 -0.0971807864558018 0.817354962869511 0.713813107678626 -0.436311490622603 -0.547816694215305 -0.316063806331511 0.314843731608189 -0.308763007683877 -0.10295904335659 0.450958214111938 0.160342308579892
3.09696768803956 55.8726128237331 25.8358412840105 0.667194895232228 0.400814580019127 0.627852406398555 -0.742947951582866 0.297359369906001 0.599671365306197 -0.202239023534565 -0.0127418565715925 -0.199097676307044 -0.28609093932381 -0.467844661832777 -0.670574677851621
3.7342058584163 56.0468247790518 24.8357953779624 0.971896745362002 0.0125991082393105 -0.235070157235363 0.151382815479239 0.73126240745225 0.665085358898605 0.24741299483283 -0.433089952601457 -0.378817531568688 -0.158222280776533 0.0342695130920085 -0.22953815068031
3.54313565639921 56.1493545685387 24.1422054344498 0.715469744417693 -0.668697877659759 -0.202351657360751 -0.21757030530611 0.0619723372570763 -0.974075249488227 -0.0678783316861336 0.0788538894595052 0.591432868956542 0.344356674672504 0.0989015008351729 0.529493769492318
3.60435210044141 56.3220716930074 23.6908659061316 0.0506219956505412 -0.98369425177221 0.172577613207621 -0.371658287913651 -0.178943313195004 -0.910960705894847 0.144643698620686 -0.023213331925923 0.471185950358685 -0.141895832027775 -0.192400325442162 0.0275470516308413
3.75576653946407 56.1381240946252 23.2892322785668 -0.739604275935101 -0.562101082332106 0.370172781629192 -0.374004606649567 -0.114016061529535 -0.920391705698403 -0.731373546718286 0.38808231676436 0.024758882116221 -0.161905121833868 -0.129909310378015 0.137598369731953
3.74994049697199 55.8531156925469 22.9721428758227 -0.924483706214057 0.287503607432538 0.250342870190552 -0.249205575647828 0.0411784347449709 -0.967574760716186 -0.306585646228938 0.161221497365236 0.319658957620168 -0.11270181294353 0.162270644439213 -0.35013884087091
3.50983630936202 55.7467418097516 22.5477980043401 -0.328354911812104 0.895104623105761 0.301613603122718 -0.204002537891963 0.244577362865357 -0.947926620635706 0.0105496875005839 -0.565860979449618 0.0986094254358475 0.508548508721059 0.604024612372016 0.340700117465031
3.89173943565615 56.1454962693105 21.8290388338284 0.0125994701587965 0.235402511263138 -0.971816294904286 0.715485776736649 -0.681057181677129 -0.155695916997359 -0.610030930212677 -0.221633411570715 -0.143905835342082 -0.0790865911746006 0.13514570639219 0.11649180893955
4.09264243971535 55.7802103771078 21.5746672779657 0.459715997607214 0.768825585460117 -0.444486693485527 0.860591558238107 -0.50921085481764 0.00929920560190723 0.278088281990634 0.152388209862455 0.313598438376848 -0.128865314788826 0.217047269447825 0.00612951218758793
4.4080216864123 55.6110170182159 21.2259860881848 0.438982691649823 0.713179005362817 0.546507001543691 0.885603214382005 -0.446110747213824 -0.129198095546332 -0.0916203257711796 0.0730811991306012 -0.178079514367794 -0.0025517041347992 0.132742098512124 0.124027362376554
5.13660978986299 58.0088524140362 23.1938711001584 0.321999156556275 0.848244110860871 -0.42047410332546 -0.897974343204703 0.414340733963669 0.148202007829822 0.468537087246158 -0.147464068038065 -0.145834392925097 0.0573646748517427 -0.347467984861659 0.557887623227868
4.77738409070741 58.3137083584188 23.4037568757576 0.178265053343072 0.516696618318803 -0.837404427606273 -0.889945748059845 0.447728591023343 0.0868082616470909 0.461666771519681 -0.0510654580752058 -0.283034949532826 0.0313316965977227 -0.264222560165658 -0.179731588290722
4.39640411160189 58.7493965011724 23.4264878269172 0.169263248795677 -0.0642095470828153 -0.983477039218811 -0.915125998927839 0.360244923886037 -0.181019338467919 0.206292405632884 -0.311804445324143 -0.231608914702613 0.378480944424361 0.00931378619651078 -0.519943726948624
4.0891325067396 59.1360935365469 23.2579269527419 -0.0436166516856808 -0.717489044123488 -0.695202890713313 -0.863364758641815 0.377208827726713 -0.335133993827959 0.13830683863058 0.0693590648411204 0.165122409541758 0.45472914562797 0.29486395646295 -0.355096873887315
3.77145768597188 59.3540760429547 22.8194909737936 -0.208177475214756 -0.977291020588494 -0.0395524953575972 -0.931910971353903 0.210465138369585 -0.295374960011953 0.0290014899007703 -0.0490560799720628 0.221106025386123 0.145176832113544 0.298834940353661 -0.559588244033354
3.54813060531583 59.3513858403632 22.3738233580707 -0.51154659186955 -0.680731021712377 0.524333253213814 -0.841273843774814 0.2725980699959 -0.466849667469233 0.312215479340414 -0.533515659755354 0.433734140450498 0.0872913945275859 -0.188759296846467 0.290469986903439
3.13967348868104 59.2498084392231 22.0382080883812 -0.414877334099981 -0.341547995024102 0.843339649695281 -0.906611105535141 0.233642100073003 -0.351379669868391 0.347647611446805 0.0807173684749138 -0.10336179861603 0.282365476357592 -0.0526170954954977 0.459945007395412
2.62063252395577 59.1518619913315 21.802046684977 -0.171920092022981 0.0191036880534949 0.984925647476946 -0.971512902490808 0.162260217170654 -0.172726090142426 -0.168330578825179 0.365709986528602 -0.132303093849359 -0.524789142922312 0.305511401886473 -0.155235521948087
2.03170370740946 59.005677472234 21.8601254275401 0.134211665849733 0.529957279676819 0.837336557463258 -0.97958210517211 0.198589546553973 0.0313223757802898 0.37533199522424 -0.317330107168984 0.107231805375668 0.229216502923259 -0.0962788948984443 -0.227462663015239
1.56383042953842 58.9825470927091 22.1048090033177 0.315623907908916 0.913051507926752 0.258299230796399 -0.948671866874051 0.309397664649254 0.0655345261235252 0.132614174428878 -0.205784637410155 0.0745918977579043 0.112152433294968 -0.37399505355961 -0.253312039352634
1.12047093459779 59.176928585187 22.4141970085107 0.431779243615539 0.845174389792086 -0.315034816522894 -0.890618231613618 0.454751290927368 -0.000654916755577448 0.181502261400864 0.216644551134573 0.0219705061445503 0.292166899000128 -0.117533147102583 -0.446847074347191
0.770367025265297 59.5831685672531 22.6248480411871 0.407744614010153 0.514931899112384 -0.754048717936876 -0.853942737767116 0.507448310479201 -0.115230259947471 0.312232007234749 -0.742842327788381 -0.0923325075014637 -0.271062898207114 0.710647148609277 -0.10133099707145
0.48835679774492 60.0400231761206 22.5754935949334 0.251510920354302 -0.172016470151017 -0.952445584240574 -0.815439028836452 0.492423966443928 -0.304266047273862 0.0352985304721784 -0.201090657503748 0.0696682635498297 -0.481507054757071 -0.169722756555073 -0.191204192650541
0.229319287142929 60.4301544720264 22.357674621509 0.185986083310675 -0.605703763895597 -0.773648581218134 -0.920432161221402 0.168124279088252 -0.352900642350199 0.198315151956507 0.446619128615657 -0.462141850020266 0.356095695852679 0.0969340543154234 -0.30812656579691
-0.0356163489369933 60.7533361941012 21.907568913079 -0.0679607863667954 -0.952805958249449 -0.29587520585725 -0.892689140941208 0.190502672144425 -0.408429711885221 0.504444288901387 -0.330910693909648 0.249312861967167 -0.0992574851711311 -0.556438002554594 -0.0602691206413285
-0.380509714796476 60.7983981904657 21.5308941283969 -0.219442772591152 -0.94006285562765 0.261010913622811 -0.911643675254595 0.102289539151791 -0.39804856431169 -0.0272787071067666 0.384596667059085 0.244769971898577 0.0450272468183179 0.206415279313997 -0.264364180031348
-0.653042648014604 60.5634240581727 21.0828074829942 -0.369528266968985 -0.586356751479022 0.72085686506308 -0.878151239689971 -0.0332715340289924 -0.4772246905347 0.128239060610662 -0.482592801227716 0.331019962107481 0.2848458354514 0.0218941487036291 0.175610603244603
-1.11370950088165 60.353491573616 20.7755822341169 -0.251760883616598 -0.145326336590795 0.956815924497152 -0.950042374148593 -0.151355136132948 -0.272967232629878 0.0350545824780035 0.393086842069139 -0.170018964750265 0.087146322555558 0.340445687620274 0.721495064009171
-1.51609216275557 59.9920593718674 20.7077296028565 -0.295412193524894 0.570931973439039 0.766008040179368 -0.953232971060463 -0.122547104928687 -0.276277233872081 0.523684774265186 0.628466656667958 0.164310644711091 -0.0995826753009108 0.192476182139464 0.21638909261067
-2.03266298852723 59.8332231024592 20.6980050110831 -0.0607056062786556 0.925021504033312 0.375033393766762 -0.976111167101867 0.0235131421805105 -0.21599565181405 0.100946602150416 -0.091331904545277 -0.400719346216237 -0.0554617360464154 -0.52403201103009 0.607615613896387
-4.63961269189091 61.2208352227995 41.8111022522554 -0.0486183534672451 0.992613734007884 0.111149587317995 -0.147636258741641 0.102917134585782 -0.983672505721411 -0.00779014148758923 -0.00486460062449771 0.000828347388555775 0.00104416748091638 -0.00594184526027413 -0.00154393527233159
-4.63900357542213 63.9437604459947 42.1930532843915 0.464679914058791 0.86379331527595 0.194765720681191 -0.299797919214172 0.360439312856294 -0.883291972895548 0.262304694942257 0.622416277611703 -0.122303585802426 -0.0898128491934515 0.0539771956569738 0.223104703922178
-4.87938922462587 64.2636859180701 41.8946444603537 0.934073477614385 0.313145539386798 -0.171600144459899 -0.265492129575111 0.287673412191492 -0.920194510443533 0.27294933177922 -0.521986672675304 0.744539904891676 0.488815467680975 -0.0156732560262395 -0.131136796326459
-4.97761887281789 63.9358698886906 41.2025058091304 0.802647318958973 -0.595699001139362 0.029999690177895 -0.553381254215519 -0.724975518376744 0.41009716560656 0.0207944999014567 0.463114168662467 0.0440952283556557 -0.102250341768765 -0.338801965293867 0.679041670077113
-5.13189395899529 63.4316483220318 41.1391290314904 0.738931402108758 -0.114211100364944 0.664030276063756 -0.586072053779044 -0.595168637932447 0.549812550055791 -0.103559339566522 0.235692580390749 0.206595959173894 -0.314053887912712 0.00375271683355938 0.0475444003244345
-5.16150226797571 62.8703019722682 41.3586518453862 0.43812592076918 0.551104364531889 0.710161711825443 -0.357162178307393 -0.618261399556025 0.700134287265278 -0.0545361564184833 0.257755118124391 -0.372407503072198 -0.435539731889412 -0.320553279051689 -0.380492911588533
-5.35153478220806 61.8254126548457 40.2847286287028 -0.450548202478168 -0.619126119653496 -0.643186726549559 -0.490597962588208 -0.430212851147059 0.757780008851257 0.0249456534059113 0.471657074397949 -0.113619715063538 0.222738481678983 -0.293163586195162 -0.0298799311428983
-5.81827753388838 61.7707989703837 40.5684684555068 0.21668423484572 -0.805837980540075 -0.551065414890358 -0.50192158532142 -0.576115511980735 0.645109013301976 -0.0345190784262963 0.129904411218175 -0.0928781192999517 0.243732716847742 0.0362575771108491 -0.0685641303171634
-6.21937433332245 61.4467028025602 40.6049109922155 0.793143714295592 -0.576607246763337 0.196079400903466 -0.576731698633127 -0.60762684815814 0.546049595909714 -0.032139157954242 -0.280141112290189 -0.0309128601463837 -0.380817322178585 0.0964132773168598 -0.255892145587593
-6.29722748938245 60.9997721440509 40.5706314626507 0.576508157716225 -0.0336140886748387 0.816399679769935 -0.649974437572136 -0.624341638738496 0.433279065543224 0.0912097344201414 0.00237177429111978 0.579386521531028 0.0382628683902251 -0.667231813305274 -0.5937579919568
-7.14406609662212 60.5332581583306 39.4326664023616 -0.755338799833528 -0.123651686602052 -0.643563173174341 -0.369376288676126 0.891510980885681 0.262239067120633 -0.398568654200798 -0.154989539764138 -0.59743885464106 -0.321122485102519 -0.1668702454632 -0.534061443147603
-7.25482084661299 60.9721709920549 39.2793966047073 -0.693960195406099 -0.390190139304702 0.605120568465458 -0.285331404670212 0.920653066087502 0.266428079245225 -0.0243293494860166 -0.062715022397597 -0.722261345413727 -0.219007506814734 0.139763116096177 0.183525615181438
-7.59682043601313 61.3969514662583 39.3934000056599 -0.00440703933237691 -0.434513674434724 0.900654453569644 -0.03911702488387 0.900048759013203 0.434030056291445 -0.0834659868898484 0.470565974162897 0.0933138688993083 0.258222286386313 -0.111852764445023 -0.130389833096457
-7.97769836498093 61.6852891120105 39.6825629516285 0.844893868684631 -0.16944144506977 0.5073893449342 -0.127369420565608 0.857507570803719 0.498455410966641 -0.156520811578678 0.130262146671098 -0.329806513573899 0.324809951664137 0.245043864087303 -0.188878603132596
-7.93057874142985 61.9143107013307 40.1178637970444 0.897140248159146 0.215256322870325 -0.385751332594571 -0.130992851226931 0.96360016705319 0.233057055215479 0.0651070310877785 0.0207239507067646 0.00671499739145742 -0.595781391819429 -0.285280221254987 0.0923387739490198
-7.97823716222828 62.5741165607423 40.1913104369067 0.767231255866601 -0.0590278721246956 -0.638648502962302 -0.033984342458124 0.990615542899439 -0.132385462335868 -0.0117472862087645 0.42989773556994 0.453254016231077 -0.561129514289111 -0.627725303130038 -0.38417264092858
-7.71942360774474 62.966087033484 40.3466549549858 0.0429887160203433 0.0117786224254543 -0.999006123278228 -0.240142247750372 0.970737073101256 0.00111164340192807 0.1647528539584 0.224674566959415 0.536915223603617 0.227725243086245 0.365100728821044 -0.00553030875201084
-7.64490525857838 63.4374880420573 40.1877958163127 -0.305008249332584 -0.315045248800891 -0.898730470746256 -0.344203908259539 0.916372357243025 -0.204414706956221 -0.141698451944264 0.118806153219439 0.345885858890855 -0.252170388477978 -0.176148773991843 0.521516346161524
-7.5496670779898 63.7869199936281 39.8163247968289 -0.974412804645856 -0.203864823645527 -0.0946510423736223 -0.204274905227315 0.978898448471109 -0.00543973135253737 0.0673112143691857 -0.374873689145778 0.215457613288608 -0.0511459606263568 0.171163752362935 -0.267262579793235
-7.69007331316838 64.2235733657663 39.5015883210183 -0.901754800182728 -0.223908636266329 0.369733962402309 -0.235649174402458 0.971740930522183 0.0137488380806843 0.0178098403950821 0.265496395852684 -0.470861750356957 0.218900369172203 0.231876643029262 -0.0371837639620169
-7.97510675404754 64.6034510097187 39.2823971673969 -0.43845405300739 -0.10875518316335 0.892149288817006 -0.217455235533491 0.975995217176268 0.0121060559915666 0.238847011438618 0.040824482189603 -0.165048816393046 -0.433145476923176 0.038524204050368 -0.0989600185945527
-4.82395198306342 58.8514260608383 41.421978809202 -0.999115504974118 -0.0202866994104654 -0.0368328324581846 0.0318460432792582 -0.937050332522685 -0.347739131890483 -0.35406581342845 0.38420562979554 -0.0627812874119653 0.397843741190487 -0.217165247515484 -0.0166512055207523
-4.94020569881872 58.3477622532832 41.4398841854179 -0.701698209500078 0.350392351787389 -0.620358624181131 -0.114994538573411 -0.914992664534871 -0.386735930513167 -0.190564015637846 -0.21784845264704 0.11303649030139 0.0239586027219027 0.182987659270796 -0.107897344218079
-3.91786462459465 57.8128705870477 41.536626442109 0.775551337778636 0.556431533462101 -0.298167857150699 0.569600166098614 -0.41316359872192 0.710529022258618 -0.000458751153122586 0.128451041004986 0.239978333806327 -0.143426480465056 -0.451735815454313 -0.161797847255327
-4.27735811205413 57.1899315969447 42.6213283231153 -0.00255693657179439 -0.530840368996852 0.847467972678444 -0.975876699918723 -0.183685163643156 -0.118001810210135 0.110627337244727 0.00504992611036017 0.361668117955951 0.68208755590122 0.0430212807366987 0.320813664050789
-4.59917912001572 56.8659874267906 42.5309261978025 -0.217410343152178 0.436705377616509 0.872938231407371 -0.958912300320725 -0.262558316500744 -0.107472464988397 0.134715123719739 -0.123823205593173 0.374083900083487 -0.401620345945578 0.149872083432248 0.183494915895451
-5.05972415787497 56.6174970756966 42.6689521388865 -0.101991701032239 0.920508199714116 0.377176811566577 -0.993336043964988 -0.0737804067600228 -0.0885435222845489 0.0132145353629105 -0.550865918918314 -0.680415262176543 -0.209430461576893 -0.218639315962187 -0.201309156809826
-5.42593601089663 56.4949182980435 42.9232560449946 -0.162768992707754 0.862581341302707 -0.479019503411661 -0.966453566176183 -0.0416226509819313 0.253446363850348 0.43663911591235 0.300799656154798 0.0557314498422472 0.313117686609243 0.267508907861895 0.0262876068051981
-5.87468608584139 56.5982236963768 43.1870776955229 -0.112855638967614 0.330896052109799 -0.936894555140609 -0.992917500194997 -0.072790532058094 0.0938955603431987 0.138261238588402 -0.0628520589754201 0.188281590233776 0.0241213219524985 -0.302671172419473 -0.11602742776356
-6.2760232951131 56.8994525884512 43.2372974305448 -0.091785779746362 -0.462447413675314 -0.881883076274476 -0.995693425426465 0.0310272501973711 0.0873608167642102 -0.528180265296958 0.424500231696546 0.151501012416724 -0.665616058404575 0.0062821422343954 -0.516859462026519
-6.68403092074997 57.1996267758948 43.1373598539166 -0.0219180020134762 -0.94515743734949 -0.325878842226295 -0.995576257399444 -0.00915391479099921 0.0935100077426657 -0.0486478337604729 -0.2472240561116 -0.0135216063466905 -0.158180922966069 0.236227077842742 -0.226651686730555
-2.09904368621394 60.8832968088468 41.2985965980728 0.0116293364411201 -0.907308342149801 -0.420305044936268 0.910853059483689 -0.163815342534917 0.378828770792355 0.730159203883046 0.282972250217351 0.660521280168756 -0.320532025502515 -0.164122391431984 0.158088851330962
-1.7887846816017 60.5538830282648 41.7233868345261 0.123858104878303 -0.539146365334515 -0.833054840091561 0.942434676913086 -0.198869026928012 0.26882706314433 -0.156280730043576 -0.199388189544848 0.158802027848705 0.16793699120571 -0.302205452071959 0.0594474300178334
-1.48576109186679 60.2014186400944 41.930018951179 0.35234668769161 0.0943811852824239 -0.931098278130299 0.930243698219977 -0.144245184629636 0.337401820728251 0.447993938468461 0.0285243095018458 -0.0828310501717588 -0.329274174968843 -0.219283922630175 -0.716251681574175
-1.08341239609844 59.8326400316996 41.9409326674015 0.308719849125045 0.681536801782917 -0.663475427254515 0.951043589286987 -0.231764447273559 0.204453741107325 0.173790905276277 -0.373659613189639 -0.0642007964455553 -0.210084840958445 0.101072560565102 -0.19121347631003
-0.641296634291944 59.6324610523882 41.773905344989 0.177012260081128 0.983206576312065 -0.0444014422652826 0.971796272524279 -0.167459662173793 0.166039953779697 -0.138573991221037 -0.769609313171509 0.0787359322792668 0.153121767430358 -0.601737956338067 -0.516709434621292
-0.103458729919286 59.582131594423 41.5826502712252 0.0537480117008362 0.950361702320804 0.306469877803286 0.994126101019696 -0.0797998709165464 0.073111393589714 -0.2570417967042 0.190600497238222 0.0336781867571701 0.440220842756093 -0.0502539491499955 -0.433586036032434
0.332957540484053 59.7332571821323 41.3891839480889 -0.0617052798429748 0.560285991374513 0.8259976188289 0.990735705199684 -0.0659246824572679 0.118729519033045 -0.143818338226058 -0.0196998037777368 -0.256333593288088 -0.127730118317338 0.201268677876343 -0.453210147244536
0.801126182481607 59.9890879809027 41.3509385581739 -0.210884814863187 -0.081775401695264 0.97408437957758 0.976900606502872 -0.0528385847785934 0.207058660702801 0.206312913905346 -0.0504964996803037 0.605096467773248 0.157877588877064 0.11885172027171 -0.102157154597262
1.2578983854907 60.0998307820018 41.6722219051808 -0.423136519422763 -0.385993269145932 0.819734519282573 0.905350365809236 -0.216067328956016 0.365589420644079 0.307656606007406 -0.62079319597245 -0.0569217389203982 -0.405086212576388 -0.498042882732867 -0.00555218745969322
1.62273797749418 60.155821157513 42.0621751495085 -0.439079847603181 -0.865126218414624 0.242415992958804 0.873460610243122 -0.347845248508576 0.340690835574665 -0.0804612976401384 0.150155930292421 0.0919058453279988 -0.62084775404082 -0.375911697843992 0.0414659205460722
1.95687560087871 60.0365588486571 42.4793468994905 -0.35531998167062 -0.872667620484084 -0.334961094435879 0.859517013286655 -0.445870627709671 0.249859735087519 0.725250458679717 0.314086375143924 0.142544893765187 -0.331384251630436 -0.0105187695407368 -0.259675151343532
2.143603047262 59.6466964558084 42.8498601518367 -0.0261650734326129 -0.553965548211286 -0.832128331645352 0.866675073235085 -0.427409706211673 0.257284396091705 -0.154305647837883 0.101602974239265 -0.170834499100196 -0.414527312806313 -0.503148421796492 -0.335581816659653
2.40648699261514 59.2196158349356 42.9599135762719 0.213014298469819 -0.0219331130661035 -0.976802870182594 0.746786072523517 -0.641010166305368 0.177247083403352 0.477181838217085 0.127290468062134 0.0261702593633356 0.234477243467061 -0.0992103188030155 0.827348934769002
2.73502952307133 58.7676225698497 43.0128722352157 0.321684439587429 0.495236603966787 -0.807006708412213 0.915369807177735 -0.380596289219165 0.131318622978439 -0.417024737085268 0.876889256833904 -0.463400339773653 0.0126023758162123 0.2340110394966 -0.572009272509376
2.99718448395454 58.4236969239775 42.8075445210999 0.470959702749178 0.858611032705601 -0.202445184929943 0.875626270269256 -0.42712999802145 0.225474166155844 -0.0268653513373023 0.262759619669893 0.22697851156069 0.0578341215251064 0.0445353880551625 0.473280740175988
3.54971489430596 58.1839148674189 42.7098174682204 0.207302110922983 0.978242060811742 0.00826470004327467 0.977954500320602 -0.207443281882749 0.0239223766942216 -0.0338560679857425 -0.131283760579134 -0.703243839366179 0.509047883272794 0.139571617338177 0.0783948333156436
4.01992910905224 58.2270002541764 42.3966204161613 0.0191645470548219 0.662186136701889 0.74909428011259 0.977279962923892 -0.170586885861966 0.125793435602595 -0.213545347712162 0.615086354639141 -0.194241822042319 -0.0898519042941597 0.194170946870664 0.0509894852455815
4.50064087938665 58.4595921377567 42.3334520760441 -0.196563591615076 -0.193310529742999 0.961245958920266 0.918776093567934 -0.378637181223342 0.111733499383768 -0.0403502921759962 -0.0542216122118584 0.477989058519292 -0.0143184682807677 0.466431712201595 0.201936310527705
4.85849296633467 58.5253835263525 42.6207279838806 -0.220710860849208 -0.965497661625256 0.138206299772166 0.964316142188794 -0.194770756511607 0.179328554116074 0.20913407031432 -0.162033808457404 -0.711443889345193 0.352462178033839 0.356841203210701 -0.309438860841735
4.78768224796664 59.3163061309595 41.8552466477573 -0.398398329590688 -0.550907379592077 -0.733334732633847 -0.622097176485477 -0.425219578296536 0.657406581377957 0.31162624543535 -0.340154118756429 -0.247243297235749 0.352391612761372 -0.139017704905812 0.0843950646812658
