t = 0
b =  30.0 30.0 30.0
E = 0. 0. 0.
20.7912275161 26.4456490825 25.7869942596 1.0 0.0 0.0 0.0 0.0 1.0 0.0 0.0 0.0 0.0 0.0 0.0
23.7912275161 26.7348064021 26.0633781313 0.0 0.722893298916 0.690959679274 1.0 0.0 0.0 0.0 0.0 0.0 0.0 0.0 0.0
24.1809903712 27.0602939705 25.8877994832 0.0 0.180414018176 0.983590759435 1.0 0.0 0.0 0.0 0.0 0.0 0.0 0.0 0.0
24.5707532263 27.4269069201 25.9364303797 0.0 -0.430607564431 0.902539265326 1.0 0.0 0.0 0.0 0.0 0.0 0.0 0.0 0.0
24.9605160815 27.6953628618 26.19079513 0.0 -0.878034133936 0.478598014668 1.0 0.0 0.0 0.0 0.0 0.0 0.0 0.0 0.0
25.3502789366 27.763670895 26.5542563129 0.0 -0.99188085601 -0.127170623495 1.0 0.0 0.0 0.0 0.0 0.0 0.0 0.0 0.0
25.7400417917 27.6058796559 26.8887289482 0.0 -0.728895457523 -0.684625015612 1.0 0.0 0.0 0.0 0.0 0.0 0.0 0.0 0.0
26.1298046468 27.2819366744 27.0671412896 0.0 -0.188990488241 -0.981978917979 1.0 0.0 0.0 0.0 0.0 0.0 0.0 0.0 0.0
26.519567502 26.9149133051 27.0217115058 0.0 0.422715127276 -0.906262611593 1.0 0.0 0.0 0.0 0.0 0.0 0.0 0.0 0.0
26.9093303571 26.6442478623 26.7696991311 0.0 0.873824198522 -0.486241987161 1.0 0.0 0.0 0.0 0.0 0.0 0.0 0.0 0.0
27.2990932122 26.5727706731 26.4068478802 0.0 0.992952847187 0.118510097727 1.0 0.0 0.0 0.0 0.0 0.0 0.0 0.0 0.0
27.6888560674 26.7276371167 26.0710110098 0.0 0.73484210792 0.678238215104 1.0 0.0 0.0 0.0 0.0 0.0 0.0 0.0 0.0
28.0786189225 27.0500108418 25.8897785618 0.0 0.197552565949 0.980292295026 1.0 0.0 0.0 0.0 0.0 0.0 0.0 0.0 0.0
28.4683817776 27.4174166807 25.9320037734 0.0 -0.414790498729 0.909916942454 1.0 0.0 0.0 0.0 0.0 0.0 0.0 0.0 0.0
28.8581446328 27.6902710122 26.1816445806 0.0 -0.869547718012 0.493848930443 1.0 0.0 0.0 0.0 0.0 0.0 0.0 0.0 0.0
29.2479074879 27.7649119141 26.543858267 0.0 -0.99394922116 -0.109840546956 1.0 0.0 0.0 0.0 0.0 0.0 0.0 0.0 0.0
29.637670343 27.6129820598 26.8810337973 0.0 -0.740732797244 -0.671799764131 1.0 0.0 0.0 0.0 0.0 0.0 0.0 0.0 0.0
30.0274331981 27.292202141 27.0650725503 0.0 -0.206099599264 -0.978531019019 1.0 0.0 0.0 0.0 0.0 0.0 0.0 0.0 0.0
30.4171960533 26.924441812 27.0260551266 0.0 0.406834282279 -0.913501979616 1.0 0.0 0.0 0.0 0.0 0.0 0.0 0.0 0.0
30.8069589084 26.6494193706 26.778804898 0.0 0.865205018077 -0.501418265218 1.0 0.0 0.0 0.0 0.0 0.0 0.0 0.0 0.0
31.1967217635 26.5716204402 26.41725636 0.0 0.994869902051 0.101162631403 1.0 0.0 0.0 0.0 0.0 0.0 0.0 0.0 0.0
17.7912275161 26.4574354239 26.1868205746 0.0 0.0294658535393 0.999565787467 -1.0 0.0 0.0 0.0 0.0 0.0 0.0 0.0 0.0
17.4014646609 26.1091231471 26.3111128781 0.0 0.609986314848 0.79241194823 -1.0 0.0 0.0 0.0 0.0 0.0 0.0 0.0 0.0
17.0117018058 25.89985727 26.6160355102 0.0 0.958762776718 0.28420756144 -1.0 0.0 0.0 0.0 0.0 0.0 0.0 0.0 0.0
16.6219389507 25.909141398 26.9857432648 0.0 0.943289230055 -0.331972029639 -1.0 0.0 0.0 0.0 0.0 0.0 0.0 0.0 0.0
16.2321760955 26.1334483357 27.2797779849 0.0 0.569444333938 -0.822029896382 -1.0 0.0 0.0 0.0 0.0 0.0 0.0 0.0 0.0
15.8424132404 26.4875601272 27.3864309642 0.0 -0.0207419852425 -0.999784861882 -1.0 0.0 0.0 0.0 0.0 0.0 0.0 0.0 0.0
15.4526503853 26.8369437825 27.2651829527 0.0 -0.603048077442 -0.797704842842 -1.0 0.0 0.0 0.0 0.0 0.0 0.0 0.0 0.0
15.0628875302 27.0488626096 26.9620980973 0.0 -0.956246122596 -0.292563417092 -1.0 0.0 0.0 0.0 0.0 0.0 0.0 0.0 0.0
14.673124675 27.042805103 26.5923234017 0.0 -0.946150278192 0.32372774221 -1.0 0.0 0.0 0.0 0.0 0.0 0.0 0.0 0.0
14.2833618199 26.8210726106 26.2963424552 0.0 -0.576596124315 0.817029319808 -1.0 0.0 0.0 0.0 0.0 0.0 0.0 0.0 0.0
13.8935989648 26.4679050136 26.1866033678 0.0 0.0120165373634 0.999927798808 -1.0 0.0 0.0 0.0 0.0 0.0 0.0 0.0 0.0
13.5038361096 26.1174765867 26.3047978536 0.0 0.596063915591 0.802936989141 -1.0 0.0 0.0 0.0 0.0 0.0 0.0 0.0 0.0
13.1140732545 25.9029209481 26.6060218513 0.0 0.953656646629 0.300896992908 -1.0 0.0 0.0 0.0 0.0 0.0 0.0 0.0 0.0
12.7243103994 25.905751372 26.975835328 0.0 0.948939273323 -0.31545880166 -1.0 0.0 0.0 0.0 0.0 0.0 0.0 0.0 0.0
12.3345475442 26.1248925332 27.273739961 0.0 0.583704004664 -0.811966523288 -1.0 0.0 0.0 0.0 0.0 0.0 0.0 0.0 0.0
11.9447846891 26.4770890407 27.3865567995 0.0 -0.00329017437832 -0.999994587362 -1.0 0.0 0.0 0.0 0.0 0.0 0.0 0.0 0.0
11.555021834 26.8285355527 27.2714248402 0.0 -0.589034361165 -0.808107988679 -1.0 0.0 0.0 0.0 0.0 0.0 0.0 0.0 0.0
11.1652589788 27.0457116636 26.9720846396 0.0 -0.950994546016 -0.309207654252 -1.0 0.0 0.0 0.0 0.0 0.0 0.0 0.0 0.0
10.7754961237 27.0461085379 26.6022605444 0.0 -0.951656003054 0.307165837701 -1.0 0.0 0.0 0.0 0.0 0.0 0.0 0.0 0.0
10.3857332686 26.8295753963 26.3024549116 0.0 -0.590767433693 0.806841892373 -1.0 0.0 0.0 0.0 0.0 0.0 0.0 0.0 0.0
11.4639418228 5.97231390297 15.6985652778 1.0 0.0 0.0 0.0 0.0 1.0 0.0 0.0 0.0 0.0 0.0 0.0
11.7145089834 8.97231390297 16.0103602393 0.626417901491 0.0 0.779487403806 0.0 1.0 0.0 0.0 0.0 0.0 0.0 0.0 0.0
11.5116630539 9.3620767581 16.3195908132 0.964494450544 0.0 0.264103114087 0.0 1.0 0.0 0.0 0.0 0.0 0.0 0.0 0.0
11.5286736648 9.75183961323 16.6890237002 0.936143432348 0.0 -0.351618364242 0.0 1.0 0.0 0.0 0.0 0.0 0.0 0.0 0.0
11.7590782006 10.1416024684 16.97830517 0.552135872719 0.0 -0.83375414725 0.0 1.0 0.0 0.0 0.0 0.0 0.0 0.0 0.0
12.115342126 10.5313653235 17.0775323557 -0.0416373361746 0.0 -0.999132790092 0.0 1.0 0.0 0.0 0.0 0.0 0.0 0.0 0.0
12.4621148192 10.9211281786 16.9490071904 -0.619591824917 0.0 -0.784924181368 0.0 1.0 0.0 0.0 0.0 0.0 0.0 0.0 0.0
12.6676515365 11.3108910338 16.6415585334 -0.96215302035 0.0 -0.27250975291 0.0 1.0 0.0 0.0 0.0 0.0 0.0 0.0 0.0
12.6538654425 11.7006538889 16.2719912695 -0.939176197012 0.0 0.343435686798 0.0 1.0 0.0 0.0 0.0 0.0 0.0 0.0 0.0
12.4259941048 12.090416744 15.9807101813 -0.55939063424 0.0 0.828904167154 0.0 1.0 0.0 0.0 0.0 0.0 0.0 0.0 0.0
12.0706096545 12.4801795991 15.8783778241 0.0329167829921 0.0 0.999458095869 0.0 1.0 0.0 0.0 0.0 0.0 0.0 0.0 0.0
11.7227285858 12.8699424543 16.0038719713 0.612718564026 0.0 0.790301183915 0.0 1.0 0.0 0.0 0.0 0.0 0.0 0.0 0.0
11.5145167332 13.2597053094 16.3095152982 0.959738318479 0.0 0.280895639061 0.0 1.0 0.0 0.0 0.0 0.0 0.0 0.0 0.0
11.5250772604 13.6494681645 16.6791887948 0.942137439772 0.0 -0.335226855397 0.0 1.0 0.0 0.0 0.0 0.0 0.0 0.0 0.0
11.7503980467 14.0392310197 16.9724473193 0.566602795998 0.0 -0.823991062796 0.0 1.0 0.0 0.0 0.0 0.0 0.0 0.0 0.0
12.1048759581 14.4289938748 17.077877055 -0.0241937230691 0.0 -0.999707289042 0.0 1.0 0.0 0.0 0.0 0.0 0.0 0.0 0.0
12.4538389096 14.8187567299 16.9554234828 -0.605798642245 0.0 -0.795618001967 0.0 1.0 0.0 0.0 0.0 0.0 0.0 0.0 0.0
12.6647100415 15.2085195851 16.651608762 -0.957250528819 0.0 -0.289260133921 0.0 1.0 0.0 0.0 0.0 0.0 0.0 0.0 0.0
12.6573758853 15.5982824402 16.2818571845 -0.945026935119 0.0 0.326992495173 0.0 1.0 0.0 0.0 0.0 0.0 0.0 0.0 0.0
12.4346228095 15.9880452953 15.9866435566 -0.57377180876 0.0 0.819015208328 0.0 1.0 0.0 0.0 0.0 0.0 0.0 0.0 0.0
12.0810784318 16.3778081504 15.8781244712 0.0154688207004 0.0 0.999880350635 0.0 1.0 0.0 0.0 0.0 0.0 0.0 0.0 0.0
11.6008367762 2.97231390297 16.0744106872 0.342237383471 0.0 0.939613523399 0.0 -1.0 0.0 0.0 0.0 0.0 0.0 0.0 0.0
11.970421325 2.58255104784 16.0610960286 -0.273736864608 0.0 0.961804620988 0.0 -1.0 0.0 0.0 0.0 0.0 0.0 0.0 0.0
12.277607547 2.19278819271 16.2670247637 -0.785713901186 0.0 0.618590062548 0.0 -1.0 0.0 0.0 0.0 0.0 0.0 0.0 0.0
12.4056902604 1.80302533758 16.613961123 -0.999185090267 0.0 0.0403627970718 0.0 -1.0 0.0 0.0 0.0 0.0 0.0 0.0 0.0
12.3060087011 1.41326248245 16.9700981831 -0.833049158073 0.0 -0.553198969842 0.0 -1.0 0.0 0.0 0.0 0.0 0.0 0.0 0.0
12.01643356 1.02349962732 17.2001335207 -0.350423922887 0.0 -0.93659119912 0.0 -1.0 0.0 0.0 0.0 0.0 0.0 0.0 0.0
11.6469792746 0.633736772192 17.2166728649 0.265333219379 0.0 -0.964156772882 0.0 -1.0 0.0 0.0 0.0 0.0 0.0 0.0 0.0
11.338007705 0.243973917061 17.0134326425 0.780285835468 0.0 -0.625423068784 0.0 -1.0 0.0 0.0 0.0 0.0 0.0 0.0 0.0
11.2069023161 -0.145788938069 16.6676272118 0.998794816979 0.0 -0.0490806843398 0.0 -1.0 0.0 0.0 0.0 0.0 0.0 0.0 0.0
11.3034722371 -0.535551793199 16.3106338376 0.837844948561 0.0 0.545908272671 0.0 -1.0 0.0 0.0 0.0 0.0 0.0 0.0 0.0
11.5910289405 -0.92531464833 16.0780802713 0.358583776164 0.0 0.933497549794 0.0 -1.0 0.0 0.0 0.0 0.0 0.0 0.0 0.0
11.960324827 -1.31507750346 16.0583175009 -0.256909367999 0.0 0.966435500504 0.0 -1.0 0.0 0.0 0.0 0.0 0.0 0.0 0.0
12.271058215 -1.70484035859 16.2588537332 -0.774798347963 0.0 0.632208446633 0.0 -1.0 0.0 0.0 0.0 0.0 0.0 0.0 0.0
12.4051762952 -2.09460321372 16.6035019008 -0.998328481599 0.0 0.0577948339237 0.0 -1.0 0.0 0.0 0.0 0.0 0.0 0.0 0.0
12.3117253666 -2.48436606885 16.9613244027 -0.842576933913 0.0 -0.538576002471 0.0 -1.0 0.0 0.0 0.0 0.0 0.0 0.0 0.0
12.0262089994 -2.87412892398 17.1963784878 -0.366716321899 0.0 -0.930332811016 0.0 -1.0 0.0 0.0 0.0 0.0 0.0 0.0 0.0
11.6570996351 -3.26389177911 17.2193631794 0.248465951975 0.0 -0.968640630321 0.0 -1.0 0.0 0.0 0.0 0.0 0.0 0.0 0.0
11.3446280923 -3.65365463424 17.0215462088 0.769251856564 0.0 -0.63894567936 0.0 -1.0 0.0 0.0 0.0 0.0 0.0 0.0 0.0
11.2075075345 -4.04341748937 16.6780815505 0.99778611964 0.0 -0.0665045822072 0.0 -1.0 0.0 0.0 0.0 0.0 0.0 0.0 0.0
11.297832354 -4.4331803445 16.3194571706 0.847244753769 0.0 0.531202717623 0.0 -1.0 0.0 0.0 0.0 0.0 0.0 0.0 0.0
