t = 105600
b = 20 20 20
E = -0.621416195148037 -0.945745012137997 0.32432881698996
80.2092630594085 -91.1963632489031 32.6687112763108 -0.383925925771642 -0.922833526900333 0.0312916146766764 0.866075069079664 -0.348147915363292 0.358757583539137 -0.00564069005712408 -0.00415260731771148 -0.00371319287031016 -0.00409631383771938 0.00662756845527226 0.00190805794970045
79.3440075033632 -93.6339480946497 32.8943750206071 0.214146403466803 -0.363597919386859 0.906607892586307 -0.647734240144442 0.641867754571024 0.410421904613353 0.500928617340584 0.192727671884334 0.287432908337821 -0.40933448842973 0.449795296938957 0.181535230898207
78.920745075947 -93.637280889497 33.1068778582725 0.673966864382843 0.363021841281532 0.643415735327106 -0.702317542992099 0.58501649654184 0.40559310593186 -0.57563371105061 0.429480866669944 0.337317060683185 -0.241113735979349 0.0799929138599606 0.0541104898067122
78.5703397717253 -93.6047483188096 33.4945480508073 0.587678594088125 0.807085409958501 -0.0569825506863813 -0.796828095931614 0.589548856176308 0.13227672401148 0.180485188188811 0.221226853152796 -0.214445211058716 0.187362270235716 0.438050047922547 -0.27466755816576
78.4744946949772 -93.34245671051 33.8106466125664 -0.09497512651818 0.591763516118933 -0.800497136992637 -0.785235977433803 0.449723878264016 0.425620597554612 -0.160120471363607 0.288426872410466 -0.270244686448947 0.0880986946384025 0.196476808808667 0.310494894447668
78.3439324120703 -92.9296492609781 33.9693331842992 -0.739598785176772 -0.303064208629038 -0.600954010231314 -0.672448961272902 0.295070790684737 0.678782456290445 0.00400757809989592 -0.121855197901469 -0.223108189654901 -0.263977445798219 0.383044975543658 0.157753012837144
78.0598694488457 -92.6221471305853 33.9427257341203 -0.55661949470636 -0.798739513963229 0.228451147833884 -0.520565527828373 0.549643523237793 0.653378549234297 -0.0463223466817795 0.244996515599183 -0.0691028895103118 -0.371585500107123 0.106249431765179 0.297600100970045
77.6198064332462 -92.4304626308464 34.201159946973 0.106120971890594 -0.785646628860431 0.60950612292678 -0.661797961224882 0.40168191274289 0.632989020042061 -0.111811690636674 0.109618361840333 0.184940793485843 0.319471190418269 -0.88936294944695 0.00345127315351561
77.3287081214019 -92.1755929889005 35.0211410918894 -0.339778362250858 0.324805701078573 0.882639179445933 0.409230341993258 0.896034624950653 -0.172198949130438 0.150163490923367 -0.116770904604347 -0.358845519404376 -0.169289262139162 0.265712349252619 -0.123177649527531
77.1931000543409 -91.734838059229 35.0056817535541 0.436408162342155 0.0515958642320565 0.898268213082984 0.320931062239884 0.923759210383708 -0.208978885346966 0.0306484405099357 -0.342113851000167 0.0830895381617169 -0.0162468205540997 -0.25395505864114 -0.0615419484443233
77.0204017676616 -91.2196816763769 35.0941133754807 0.901563875422989 -0.181726884579224 0.392629491955736 0.271135303933634 0.944512586872937 -0.185422814668041 -0.499252253846871 0.21368824330333 -0.327703832387868 -0.311543731992782 0.500081731295045 0.2759490006425
75.8748643937199 -91.5784260701531 34.5001762020249 -0.928052962777554 0.256281222306569 -0.270254756429661 0.281301667401001 0.00674079825573047 -0.95959571359833 0.124707035931734 -0.370092095581635 -0.167437604343231 -0.0901364241334865 0.756139655029746 0.421008780934385
75.7390011671632 -91.7606820014528 34.0777347259386 -0.444317178405517 0.881002139975079 -0.162534532740277 0.327170771214754 -0.00932394051698064 -0.944919229667802 0.516586209380906 -0.216197549290452 -0.117926070665418 -0.0927803336921826 -0.0999690078720923 0.281592093176673
75.6329012780414 -91.7854235697974 33.5360937224768 0.278118342439887 0.94393831711766 0.177850052222597 0.0234526120681175 0.17842671325295 -0.983673666916493 -0.0468330173142496 -0.00343338001336684 -0.466862778149967 -0.456158942293753 -0.0391689035987654 -0.255678743613369
75.4860863849006 -91.6017254434492 33.0613546970119 0.733730947943183 0.588903857691203 0.338867440788902 0.319798140768727 0.140711964582669 -0.936978810957936 0.570761673632308 0.351507562210961 0.476156948058075 -0.0204743098919831 -0.227966774119532 0.160910074138284
75.3913923627153 -91.1893281242176 32.6842623425459 0.991304385223531 -0.079788348560633 0.104639549265789 0.122134953573481 0.26192309065065 -0.957329278618182 -0.342743560365882 -0.170899885429595 -0.0717743951767016 -0.262845170631133 0.367629994563671 0.0116214781284122
75.6018400362188 -90.9211946630576 32.3576540499873 0.670055515052683 -0.733703698207088 -0.112714196021259 0.175923654733592 0.304474624994886 -0.936133575105277 -0.148618813595994 -0.250493254185327 0.804834728026354 -0.111631840403547 0.418740792664308 0.148685385808834
75.9723205803849 -90.7423037215257 32.0959634643226 -0.159483825879945 -0.847606007485855 -0.506091854663344 0.295460722903093 0.448171775558418 -0.84370908541653 0.0300593000179028 -0.0636756633056536 -0.19883641741694 -0.562407329095387 0.211852957737522 -0.251047628822431
76.3044670655722 -90.720374765256 31.7559820881173 -0.838659263908921 -0.356007635621243 -0.412200439639663 0.19816094666155 0.505498886273922 -0.839763725814607 0.451299490059323 0.235325033786685 0.199977174076181 -0.207251996207919 0.12629390390952 -0.176468468774066
77.1579676629771 -91.3719004748411 31.4355344609381 0.953881021253537 -0.255120475126057 -0.15819146773383 -0.123987811376371 0.145085349370605 -0.981619714567777 -0.0979645607560411 0.100060594533904 -3.27120516103135e-05 -0.0613559584477955 -0.184059100461276 0.0537885944794061
77.2810202903396 -91.0310857059904 31.1042878548926 0.340857345023144 -0.896876644843826 -0.281830719186995 -0.0910243316794921 0.26688994958147 -0.959418743747854 -0.465019164038958 -0.466725788611104 -0.0240809882482953 -0.301479279869062 0.136511290381017 0.0345899847978061
81.6921761080916 -89.0315775447039 32.8014945573542 0.897671838476143 0.201699098525925 0.3917942624142 -0.171225938785755 0.978887339101104 -0.111629992540037 0.601487778955105 0.169572299087589 0.0540803525632223 0.243687154089381 0.723402621493184 0.666723717198836
80.8031350782865 -88.4998051079821 33.4920300645685 -0.327462831381525 0.34407458388567 0.879989076516007 -0.929595705584519 0.0494332173581111 -0.365250846926379 0.0902835418500686 0.446656827087939 -0.151490494338432 -0.302350143265072 -0.506686979018175 0.281100321728817
80.2555333047444 -88.2784625499092 33.3542084011799 0.0699325958694195 0.242900099347381 0.967527247043717 -0.947828732176923 0.318573595899953 -0.0114698934285378 0.227878284456658 0.246411214379026 -0.126407601262022 -0.210875448247845 0.0730038652526356 0.470362060095922
79.8166267043928 -88.2379906800954 33.523321056891 0.356060044649012 0.827425538699573 0.434267455046152 -0.881908684698562 0.451196787084828 -0.136596234126627 -0.00826085057074299 0.132752325215381 0.279052942200284 -0.352714023750343 0.0197502373005016 -0.448912138130454
79.5204463627755 -87.9601314328475 33.8187686613489 0.123837270279432 0.758235124236589 -0.640112354875034 -0.880952956310376 0.380908251307662 0.280768219094942 -0.489195624109449 0.358322556978104 0.0989812786694551 0.0644580628315139 0.222694787250619 -0.392586961649763
79.2047789085551 -87.5342793580411 34.0667391946958 -0.118749109355501 0.117176410656275 -0.985985972422015 -0.729873540671038 0.662947348123461 0.166689616486442 -0.341933533630233 -0.553523923355945 -0.0282737521380486 -0.237064475703445 -0.208565550507371 0.0557489303832886
78.9560972820337 -87.9070877004765 35.4783537295571 -0.667094643921581 -0.177243707631158 0.723580958950903 0.27759381714826 0.84219499038217 0.462222101220007 0.131650796795798 0.109341209066438 -0.167835040389431 0.13453783529309 -0.021263144400047 -0.208206624144633
78.7598944468785 -86.8217461809279 35.0366183453012 -0.254129714165848 0.87740247232228 -0.406918898480684 0.940362593574077 0.125781748021114 -0.316065095306935 0.240132978587417 0.199252811114447 -0.0153398406600386 0.271872810835382 0.551561896107353 0.0696331834041676
79.6618745452917 -86.7717974795758 35.2467038854313 0.827229596749848 -0.451397510023217 0.334561626917872 0.110119054130592 -0.453649129130053 -0.884350757085074 0.359956339935997 -0.13665796057047 -0.525541712608264 -0.0152140759275419 0.137400228530016 -0.257365059241834
80.0272181310739 -86.7897952518713 34.91189307878 -0.0452127603982131 -0.923874937716065 0.380014349409762 -0.0225691190722342 -0.379361600131429 -0.924973194860281 0.780101355965306 -0.210066077945875 -0.142107245038178 0.143349540373392 0.0292194144429343 0.403850329778593
81.3837658126679 -91.249639740147 30.4652438596848 0.728322737627019 0.619379992353605 0.293111608312483 0.432271629529143 -0.747198360706109 0.504812686114681 0.219649511295982 0.191324699042177 0.349211417355504 0.357942710202394 -0.00126052527788571 0.202234577993665
81.1734238117453 -92.2232317866037 29.540325239057 -0.0477780953256716 -0.864357485502652 -0.500603027220751 -0.565766291027012 0.43644748521666 -0.699587090064981 -0.120296466014559 0.283948335144103 -0.311667629760028 0.00844313828994988 -0.100070970179012 0.00940829473152496
80.9397472901182 -91.9155562593343 29.1083477776667 -0.428088426987471 -0.879238485658139 -0.208997569404447 -0.501155492106184 0.423400245727176 -0.754702196001813 0.225819955481528 0.0351211658164847 0.54864702982158 -0.682115481490766 0.168852989577112 0.293174151675982
80.9364551433148 -91.9167458996248 28.6439050986141 -0.940184564508228 -0.265216283528149 0.213806706190389 -0.328979533174496 0.543873210936292 -0.771993780530734 0.0901955669509432 0.47508362131931 -0.45080795119054 0.195752211538615 0.0770319681840471 0.206133515390081
80.9159016093332 -91.2511456804758 27.7471789046709 -0.572955696218134 0.793996958973863 -0.203200884130576 -0.810728327087247 -0.512714600035584 0.282565600469452 0.377531223790934 0.471935224201641 0.620326298954542 0.411109887336028 0.124591560644691 0.0408327783181551
80.4644921112141 -91.1953481793413 28.0225904049903 -0.299469448960909 0.381413863006099 -0.874552179258511 -0.904378145075338 -0.405536015598752 0.132818337447704 -0.515831202117421 -0.0217616354918452 0.214072000472347 0.0563089194293032 0.269367572583607 -0.377100435824211
79.9347150632564 -91.316272041637 27.9914398321589 0.279060957665736 -0.254862206976588 -0.92583488666269 -0.869364777640925 -0.476529172920761 -0.130861876621163 0.529357454083713 0.413028870564534 -0.581307026513951 -0.0106385221874532 0.221810151350716 0.15626747372091
79.1214824280392 -91.2453042166694 28.7478417844528 -0.138031667967808 -0.705023555647092 0.695621337094221 -0.99041650082267 0.0948977400162152 -0.100347266220834 -0.129057557256361 -0.0246442065270239 0.493941163063412 -0.385488211231367 -0.320592892027858 0.13723134637825
78.7998533937961 -91.5073992082735 28.6850572280029 -0.256841530615626 0.351867949795038 0.900122977185937 -0.964711211046374 -0.14924291784593 -0.216930474471148 0.442856302897009 0.636215368310481 -0.0395106595142633 -0.0747652621577278 -0.359257907670098 -0.189005403816061
78.7812214822807 -91.4577052472026 27.7418236819833 0.84366720210604 0.533725886263342 0.0579856053084018 -0.272109371811889 0.518215329624037 -0.810807845247436 -0.0863092340211307 0.450213613918056 -0.0883271548302948 -0.148609242166675 0.393037672581018 0.50157915040761
78.664740927409 -91.0111035284939 27.6045002574177 0.867160829036285 -0.174383758424674 -0.466500162253765 -0.293701288869211 0.577413851748876 -0.761795771007616 0.236099420835545 -0.342073053526629 0.32252982245494 -0.377067892663934 -0.179260466670266 0.319935934479369
78.8188884084016 -90.5553207481065 27.4215676493298 0.00660434125037173 -0.671722369650589 -0.740773542175775 -0.177320175020867 0.728263371668118 -0.66195922609867 0.268529657239046 -0.114373457682164 -0.108846202137876 0.969925663674126 -0.749394775938257 0.0869546080125597
78.1135569653947 -90.0781103039648 27.2191980243314 -0.824359540575539 0.141063017716699 0.548208512242149 0.309091321605687 -0.699162618557774 0.644696973561602 -0.312289958150943 0.079932676133044 -0.0571500856307553 0.163021005104162 -0.21510215927554 0.276232483728411
79.030849084071 -89.8054961419772 26.6301424555108 0.871432680710494 0.250718969431777 0.421598246387239 -0.461796525721693 0.129562772353434 0.877472197195714 0.292113712679647 -0.0493097896343258 0.186496168447984 0.095651224974487 -0.397078695665667 -0.422292431422992
78.3852515005906 -89.7643787337116 25.8366019835454 0.329410093403078 0.937179741930998 -0.114817775968408 -0.936990191216591 0.309487540247586 -0.162070490822353 -0.0806114009626156 0.885284161622508 -0.0564815400148615 -0.579600871759221 -0.264478402836421 0.293906708222784
77.8718998290678 -89.5584541806988 25.6273290806392 0.592743703686488 0.797966916502505 0.109104087492234 -0.752535920868984 0.597004810827302 -0.277983711125182 -0.323453220110298 -0.0278907667433346 -0.0906178689463019 -0.385335084893716 0.095502971081232 0.293295502559809
77.4759977488991 -89.3034600967571 25.8553426204628 0.526732291418633 0.444545936827396 -0.724521913558952 -0.7342218087226 0.667440946351006 -0.12426149335246 -0.580998033972269 -0.200404362304928 -0.125693980256022 -0.626127661528592 0.635258678273091 0.648440450514564
77.3108966968901 -88.8609326121927 26.059568259958 0.0897463615819472 -0.0863425815131036 -0.992214971264023 -0.701704243001386 0.701503616203583 -0.124514383936769 0.110347705696887 0.10062239020791 0.25811420675081 -0.105586222935886 -0.110232538964984 0.391462513646815
76.8966786605272 -88.8342667147018 27.3840791099124 -0.906994764673352 -0.205177243245043 0.367780907211745 0.420828505531507 -0.475236386462541 0.772692529997635 0.204215273758585 0.628476042747066 -0.0239198986978203 0.223682919934133 -0.623920554133858 0.294219180326472
76.9709776499314 -88.7815123591681 27.8588425098938 -0.41324337092406 -0.877994421026052 -0.241569271709898 0.551336752344761 -0.452366075659348 0.700994093489024 0.481961206687545 0.0944803942193321 0.203892733159681 -0.421553266878316 0.0302612861602553 -0.187546046356121
53.0761779644211 30.4316352146805 -17.2795933597498 -0.518981502591414 -0.442334886780068 -0.731435607490655 0.69099051184902 0.286615038663372 -0.663614294712399 -0.00283754312499371 -0.000160435645129212 0.00610304458503124 0.0103108623170626 -0.0025144217551068 -0.00342744052136647
51.4428041993496 29.0588585629259 -19.0233316865605 -0.751957806593481 -0.598910698799483 -0.275436802128244 -0.596391363587079 0.796081257079388 -0.102820102925701 -0.589305204516879 -0.138714377568051 0.449868541580482 0.200353162229673 -0.0198570336427005 0.214238893938066
52.2559761541866 29.5224560632963 -18.6586117633291 0.387627426751697 0.121788529812579 -0.913735482530884 -0.489518684304806 -0.812724842346305 -0.315990171286481 0.237887550299992 0.438194096510762 -0.0516819433931794 0.181909441852974 0.147979292902869 0.10756890714916
51.6126628549905 28.792782563655 -17.9742963917057 0.374870927314843 -0.51432318439652 0.771325774135894 -0.612886107789828 0.486761084992277 0.622442178049797 0.643229277435297 -0.0310863436042328 -0.0792656052808866 -0.336574084396513 0.187421847212145 -0.0605610187692907
51.2316246724144 28.7625843403689 -17.6261617485524 0.767145661076953 0.0503040104350539 0.639497491179567 -0.551407484414753 0.561113550136538 0.6173340829604 0.341301354967163 0.0862623666246851 -0.475729526648027 0.167776971070619 0.122541802123371 -0.0543969885581899
50.0218506319097 28.2357937714577 -17.4746435698364 -0.794737476485807 -0.122081004583398 0.594549049102659 -0.135581737877665 -0.919102963897343 -0.369955854270732 0.184180417721805 0.220977489646407 1.21470901190318 0.0946211012421796 -0.112913654410623 -0.146850966909619
51.1427369308432 27.7492732420619 -17.6295790675261 0.924879280304897 -0.37922842385948 0.0280021320573364 -0.377787143361614 -0.907981981656065 0.181233538007156 -0.174924581600077 0.383733224999043 -0.0764311005868355 -0.2099363801053 -0.285314243259827 -0.162810894277285
51.1841866355745 27.2550154915881 -17.8229198382703 0.603670216533376 -0.135362604092924 0.785658472291697 -0.324882844415821 -0.941709128197517 0.0873788033435701 0.0516066332827476 -0.269247630925776 -0.0205597723534874 0.710883325559252 0.252901021473099 -0.51718056794686
51.3878576181363 26.7600679234034 -17.8492859000366 -0.129112047415856 0.032847705373392 0.991085822451208 -0.201570901700508 -0.979454284677519 0.00620288759310159 0.297894638548707 -0.093157612564982 0.229773059569852 0.354386191086894 -0.154396839606153 -0.156066745007733
51.5178269270536 26.280075984722 -17.6061027177923 -0.821967731483026 -0.0989528247890992 0.560871987949932 0.0312669496002283 -0.991146020244133 -0.129042413248142 0.214199371408757 -0.000246600825177153 0.728549777016067 0.0466316130469143 -0.198789619939959 0.110306598213625
51.4776743906871 25.8186311601084 -17.5399448404099 -0.961280089694389 0.211334214965791 -0.176857113913867 -0.198792865988259 -0.976255516502799 -0.0860613904723116 -0.577196679247336 0.940988477514469 -0.0885713876935985 0.508810173106944 -0.781104967477257 -0.283813605047819
52.9083830863485 25.2664452345705 -17.0463682631535 0.798841034702488 -0.04443154897585 0.599899023779047 0.453167604605074 -0.611380728862068 -0.648731629036674 -0.356952442984815 -0.35672852299169 0.0222971672194459 -0.659225541262836 -0.647521149903364 -0.587351803657924
53.3327108558239 25.1484357699506 -17.3194743603921 0.195278136673537 -0.5520157790736 0.81064482295952 0.451544312176546 -0.683136750059756 -0.5739615970244 0.844635661529936 -0.366989320707203 -0.134297911967439 -0.0469235387641215 0.0433247238655277 0.321426247877197
53.6636094132971 24.807959041602 -17.5305073175904 -0.433921173792972 -0.492188434269781 0.754627696354434 0.340356065551201 -0.865074602215297 -0.368515510181803 0.239047000331912 -0.16051026035466 0.0341693778890545 0.0220142559431106 -0.2605406707445 0.020504594405171
53.9106453943777 24.4269835940715 -17.4968438877347 -0.975962322053419 -0.217850796750371 0.00621098118979776 0.194367897863222 -0.882943894180489 -0.427353717673823 -0.382732218998944 -0.532187449207847 -0.180353956452774 0.372929535621592 -0.273053055951274 -0.682080867994452
53.8250671374005 24.0015709015125 -17.3596751486624 -0.658784308172236 0.0710923775249224 -0.748965359121429 0.128102332808772 -0.970387425724941 -0.204787783629497 0.571212721029631 -0.0380868733147248 0.34382641471443 0.27531224399767 0.154238663545205 0.200046067189326
53.5638564298639 23.6295852242365 -17.2691153029422 0.348351562321669 0.0687643563294452 -0.934838302770402 0.0852378581026449 -0.995497491697289 -0.041463858605557 -0.196299812491777 0.0803013399720284 -0.107554720878705 -0.129190535856906 -0.0870117077279103 0.501140171276653
53.6437712271016 23.015276629606 -17.3024748818155 0.266073372237502 0.377905287454246 -0.88678777297631 0.112448820627055 -0.92583679787022 -0.360806716191657 -0.410131584890541 -0.348073888028155 -0.585161848133003 0.627327749479085 0.732881733074067 0.400414349000018
53.4983015109929 22.6251227274491 -17.5914681364355 0.688747490669322 0.438386102078501 -0.577446551293815 -0.0255610684564821 -0.781298275929077 -0.623634216355714 -0.0494145773689564 -0.0327910929289605 -0.361299968580557 0.0201490925430649 -0.109243530038169 -0.179120939500723
53.3438960970428 22.4256173853954 -18.0836170288445 0.979912146210379 0.149216457373608 -0.132312639450058 0.0482759347354483 -0.821205561602059 -0.568586721370861 -0.142112905192292 -0.0143010333596173 0.395887642883179 0.531384452971907 -0.351308533912541 -0.0626074954483416
53.5238320116414 22.1607494754385 -18.4393956371878 0.841087868505091 0.0364514343308681 0.539668871057804 0.342088048171177 -0.808692890856096 -0.478530642255287 0.00547195237655785 0.0197402549304072 0.530834719472378 -0.860141034345618 0.40792294730567 -0.135947100968018
54.0693850821539 31.8490449720517 -15.4288777082278 -0.373367475923415 0.886471986104051 -0.273430330752303 -0.343850334825967 0.141508208897813 0.928300799339632 -0.474566403190499 -0.1421990282913 0.301083043311488 0.296695527518866 -0.584907723943815 0.239068934164962
54.2890821256061 31.3153089702262 -15.8590670337668 0.861005248866902 0.405648168563397 0.306789055810032 0.488799298635211 -0.826651300280992 -0.27878822320442 -0.254032600844195 0.524382537728535 0.0561226986175644 -0.100291139796961 -0.0335266369374066 0.230651852920392
54.6735515373201 31.132105010323 -16.2216379387617 0.512355911613798 -0.0621292953740832 0.856522837109856 0.505499006768135 -0.784465929371844 -0.359282562631701 0.0166096108457328 -0.0566360461775057 -0.269561593904943 0.10924012720711 0.115069246942937 0.0765325339087338
55.0736394966996 30.9923113270012 -16.8136930390933 0.525910715843692 0.170354297628075 0.833305065531468 -0.655414405264177 -0.543251715985585 0.524699466791147 -0.00084787299478084 0.558689740501413 -0.140441991412541 -0.0481932139920552 0.093397447430428 0.0059204945989729
55.6807927923653 30.9932126609748 -16.9630876769969 0.0258085349667282 -0.0373426630383991 0.998969191236682 -0.840901774375329 -0.541185709179419 0.0014946679853195 0.215147486303078 -0.451645711864354 -0.256769361641507 -0.106453262356574 0.213352955329103 -0.153482051270006
55.2141520451669 31.7514866080741 -17.9898294163056 -0.390546767612607 0.411422417506448 -0.823531916005977 -0.381804111557112 0.741620662679513 0.551565420494134 0.402751435856738 -0.242891692588027 -0.588605028699202 -0.628020334446645 0.284543188547106 -0.349648090462497
55.1811553769791 32.3101443183452 -17.8939610737156 -0.910335452875995 -0.215689502980264 -0.353224293532019 -0.368642089095285 0.810525494549189 0.455138915973199 -0.429037901948036 0.0247548888942125 0.356440657629624 -0.437499547364153 0.24238692111601 -0.111763171537587
54.9588757436338 32.7922997357301 -17.9892550360604 -0.693524873852826 -0.549628874884561 0.465758896040172 -0.429203419085987 0.834460446223143 0.345630132850097 0.380812180900124 -0.269171662049749 -0.233834208373058 0.191123274849727 0.262246690548371 -0.084356505344853
54.6174496355289 33.0287028618716 -18.1409210775271 -0.109988409557516 -0.243357712666206 0.963680223647283 -0.37470287651476 0.908178024441378 0.186575534980671 -0.34402621411947 -0.328011424073106 0.738239763525795 0.597796987723018 0.226380313940013 -0.723546764825438
54.2418160873963 33.3164003337358 -17.9041874697675 0.698505929816104 -0.0508587083030752 0.713794688829695 -0.291713521998358 0.890593758655153 0.348921163198513 0.248180468676534 -0.24235218567353 0.00776744031676769 0.0885738348769794 0.126386588653939 -0.0357728335845909
51.7755197046563 32.5202141412874 -17.255471454156 -0.0718830137497678 -0.121507370762818 0.98998423784652 -0.617076114305667 0.78521193669814 0.0515682423606405 -0.185888911088512 -0.488662688913865 0.0390122752031317 -0.30452163225768 -0.17701737423348 0.348393022458109
51.2813921149383 32.6944939717185 -17.0752997806121 0.527315800420185 0.0840568264013323 0.845501328539792 -0.601333944707886 0.739940190616643 0.301473052282065 0.484789017005093 0.171783307303727 -0.0483455883534336 -0.215140313740701 -0.370400341008788 0.426019474960391
50.9294156513383 32.770714839232 -16.665248905433 0.787753329061022 0.457176058982657 0.412837430045242 -0.602236953290369 0.71243447800927 0.360205172971162 -0.443140945858853 -0.149976047928821 -0.419002784309737 0.175479890619413 -0.0795378837562501 -0.819130870767955
50.7061317824407 33.0119633080913 -16.2278720716021 0.805989343830362 0.579994916364054 -0.118266963365752 -0.508105482414865 0.780398632082935 0.364426664478669 -0.0527202526081693 0.109806977141151 -0.138316203208353 0.688514147241139 -0.208266180005987 -0.660866640175245
50.5875909931102 33.3551122600787 -15.8595355100947 0.502261948486432 0.499390204829994 -0.705933678487198 -0.614030658087254 0.780789912135771 0.115470619795401 0.337666827884044 0.733845578675376 0.0811359969385983 -0.0199657220082951 -0.274346726624425 0.433134103345482
50.5190015445448 33.8986324533778 -15.7406024094532 0.162956194039319 -0.00253454197474554 -0.986630049674751 -0.727530792867423 0.675159358469422 -0.121896620547301 -0.619095529570709 -0.621604586059946 -0.0803727504503112 -0.238451034388001 -0.0820800023646891 -0.038104019430147
50.3425105799152 34.4552819274237 -15.8321320005581 -0.118359453738523 -0.434876941094325 -0.892677481409248 -0.666732744685702 0.70100485521465 -0.253100059520659 0.434340544166163 0.222540722103343 0.138411397771328 1.08852505075851 0.483483606233545 -0.0869295615584036
50.2365545910131 34.828107512021 -16.1702799058313 -0.490992922266873 -0.777281152438489 -0.39339542491966 -0.837357125539984 0.545657599096244 -0.0330276983143325 -0.0503376341236501 -0.354578205405327 0.182151241847709 0.141556563599262 -0.206512382733373 0.0210060531368644
49.8793682548106 35.028761986282 -16.5512481121744 -0.506193512687546 -0.843359069780202 0.180315299219174 -0.859203474702867 0.511200337642323 -0.0210619052530531 -0.00640002599352635 0.125521509515101 -0.14768491870453 0.469900903170751 0.381494495562074 -0.152106438366864
49.4141909281709 35.0691834639607 -16.7874311395818 -0.196342882267051 -0.537577219939223 0.820036709657249 -0.910748691049773 0.409847536305978 0.0506144123255135 -0.111161930805728 0.617542202985572 -0.411157841441586 -0.242649411051506 0.392780408114076 0.558750849662685
48.9045359242887 35.0662100546557 -16.7966753342153 0.136134527390828 -0.230202189197682 0.963573734874845 -0.891824132590183 0.395071462669284 0.220382068041198 0.341856108999958 0.306512964640539 -0.335446016384191 0.0689875662225587 -0.120428172537322 -0.597646094139817
48.4163526066225 34.9114262803091 -16.6599709969594 0.363194369546846 0.434720020387054 0.824080307860918 -0.924895420822128 0.27502492185367 0.262544763614958 -0.397536569751851 0.00766076188733972 -0.445954416144175 -0.2222311248828 -0.0906788328462224 0.323509483199313
48.0268937219638 34.8755385597856 -16.3333350695718 0.432877741930542 0.833019660086938 0.344521561661628 -0.875636336026982 0.29775063487961 0.380270385986112 -0.268862513733142 -0.129793546979397 -0.534672458017128 -0.379927213543464 0.545100395318393 -0.371519732951669
47.7199005857078 34.9594610248526 -15.8606351079476 0.391539710633746 0.911382362515597 -0.126802382833809 -0.797969903642057 0.404925929414971 0.446406792700232 0.45767686926229 -0.0910914823623283 -0.151474889919377 0.199611997672538 0.281314802402752 -0.158736219118156
47.4947146169184 35.2589385674217 -15.4627577653324 0.215907329271301 0.77654559354518 -0.591912971907615 -0.55922823746607 0.595280825513782 0.576978784008759 -0.206987029039346 0.421589615859737 -0.441246535455594 0.217512795663587 0.180203231658473 -0.113483849956946
47.5232839875766 35.7294841236132 -15.1628682465181 -0.388763908651529 0.427773434321888 -0.81601011771818 -0.6449489080994 0.506136437647464 0.572596552929656 0.115083981816289 0.423032708753049 -0.0479148627440916 -0.0161273512511854 0.343896453324132 -0.463823771564656
47.3773858151895 36.1555240597445 -14.8899459985475 -0.607730792041834 -0.0190602393022681 -0.793914347824718 -0.707464244983105 0.467156234302758 0.530338943339592 -0.0923375659369319 -0.213502977473942 0.127679667791783 -0.100678471814147 0.04992397626767 0.154456377432346
47.0639512199947 36.5829863348465 -14.8573851994595 -0.688476645371018 -0.543328120625507 -0.480410722316052 -0.723939378693382 0.47490154207106 0.500380156796388 -0.11047164327834 0.48474276304806 0.2970501384637 -0.213983042055963 -0.184002736439351 0.324441207603426
46.6578292454104 36.9834343722806 -14.9761935458296 -0.518493810233114 -0.844417906031368 0.134620090341467 -0.744333108272287 0.523200795554223 0.415005001730267 0.114206997583936 -0.0531519496764898 0.326782220234323 -0.22118176546029 0.135613823329064 0.192678423464286
46.1126601175646 37.1681168750036 -15.0239243223007 -0.188761738456346 -0.819718436654632 0.540768611055979 -0.826147536728958 0.430252581591812 0.363817211783948 -0.10061908524964 -0.263591019570047 -0.3897729907523 -0.639539965215778 0.929059180522334 -0.164865512374943
5.18815789845541 54.7435695684785 23.3390569868436 0.298888697494387 0.340170026928992 0.891599629480206 -0.921723607992854 -0.139083906405246 0.362051456905907 0.0211434096599954 0.00784760660963544 -0.0030527491912929 0.0114910900687219 0.0355357731605571 -0.0144332574376141
5.87298103371951 56.1152407324003 25.4929614549612 0.124095898529076 0.911137010329917 -0.392975261785417 0.582149098617701 -0.3875688518304 -0.714767662999287 0.515414292361826 0.0104112335815423 -0.159029087994371 -0.309851231130729 -0.137088778609607 -0.173893400509244
5.95873168330949 56.0685005339847 24.9767791588568 0.63962518136625 0.759231722861406 0.120194918208266 0.61247277325272 -0.408884003641354 -0.6765286199344 -0.0526284902819336 0.522700244928356 0.304957407821469 -0.0249033425430525 -0.192837019924996 -0.360592099941123
6.2344707419961 55.9574603800318 24.5052424776633 0.678630390625934 0.478380253903321 0.557326767340567 0.730965272060619 -0.365745070927013 -0.576125259066064 -0.121929980935381 0.424061662569437 0.0188422011920871 -0.18950617149714 0.417721446997518 -0.112660430075059
6.6411235140701 56.1081996142081 24.1957437279222 0.609020157412982 -0.0896425908286298 0.788072746498822 0.77164576222349 -0.162856036214427 -0.614850168017423 -0.2268877666429 -0.662654241269877 0.0428209772690878 0.385952763656 0.299763272679394 0.328436011217783
7.09299267479133 56.2739759573734 23.9223618043511 0.239086623607472 -0.601459508785651 0.762288689213812 0.831066892158211 -0.2792456182295 -0.480988259168679 -0.321677239273002 0.152250372733678 -0.0477051237345879 -0.202313700515888 0.385920502408063 -0.223764292841927
7.69643841349675 56.1268971271152 23.7547110287425 -0.10907259727753 -0.729779931102778 0.674925492689937 0.859478269855766 -0.410353239412792 -0.304807025098118 0.239332850671626 -0.214169377513127 0.118755479035848 -0.382341043863754 -0.0867121188553972 0.229204849608108
8.17591723051289 56.0319329442006 23.9155199898287 -0.405362615942886 -0.862591953978752 0.302681797482207 0.879499078021756 -0.458301290310959 -0.128223629094642 0.171679655017231 0.116059370176621 -0.259085410217867 -0.458518456002021 -0.337667907615847 -0.12389426236334
8.61341132947562 55.8129044040689 24.0933654051686 -0.558224484022259 -0.700647578299657 -0.444385414320621 0.814518625792369 -0.564740818179913 -0.132767528103817 -0.175341575460234 0.0855535124003379 -0.255451405792679 -0.296405102245889 -0.191622292941667 -0.208181007721093
8.89866940978285 55.4016648731028 24.3123278733241 -0.42811111957018 -0.372391044163687 -0.823435352366567 0.754694325596563 -0.648553517599013 -0.099069721521212 -0.568986248475251 0.373363094474185 -0.281175010917394 -0.107015134698179 0.118407097416996 -0.236523043920643
9.02658606780034 54.8844636566669 24.3257334038667 -0.0344780098407708 0.21779811280131 -0.975384667142972 0.784529376067876 -0.59871273290567 -0.16142094518114 -0.0762953144575424 -0.495394436852677 -0.0303015338627637 0.222006151395061 0.400963674842452 -0.0243959082212457
9.18926346881211 54.3539305035253 24.1573685325966 0.178569686494118 0.643294506060321 -0.744503220636417 0.794790900454982 -0.540355203665839 -0.27626740384131 0.0922984851511786 -0.280484550492338 -0.194026175290808 -0.342406478168142 -0.0262671421639512 -0.396111269307835
9.31571760431708 54.0400521678618 23.7496459056726 0.478459288996158 0.823988761649221 -0.303511498050874 0.767086401515182 -0.560431028632027 -0.312242717700407 0.0920263348780872 0.309252755049557 0.274093185895695 0.483514262703214 0.376780715691004 0.126552348573108
9.64205032630679 53.8346500636658 23.3760968444263 0.468452272113466 0.842207104389604 0.266907590876319 0.872035476911982 -0.392287027755604 -0.292685863788402 0.123934025813893 -0.0291904999179284 0.397262546682341 -0.276945071295662 -0.124361129918692 0.128368262855488
10.1013238575632 53.8813793336267 23.0872871097906 0.259784920869474 0.465823473108775 0.845884322345392 0.895344674136032 -0.444343535934323 -0.0302776579284029 0.291703113469313 -0.19355558041327 0.0828927072489057 0.0567587697385181 0.109786850107182 -0.217721688241109
10.7195253750917 53.9427505865033 23.1008017673764 -0.161665398794152 -0.0815979020863257 0.983466359977724 0.740519529279805 -0.668762156406711 0.0662420177339234 -0.093889382609071 -0.123220929453586 -0.0656001005023241 0.121234572938134 -0.378057085783212 -0.554015271863696
11.2395798658637 53.9389138048964 23.2227363640591 -0.554665685936089 -0.472106449363641 0.685172589435906 0.680172723713644 -0.73157300852444 0.0465402955993155 0.422913775345818 -0.538051802689587 -0.0953695983506702 0.0782599414165364 -0.0188280565887113 -0.0224259924463519
11.5864524107611 53.785119978715 23.5649598490725 -0.741883851867025 -0.656525227649857 0.136319388929982 0.663333553178326 -0.748298512022075 0.0061590691964356 -0.123558878686666 0.338017485805304 0.414736071826473 -0.674201035474655 -0.326975826576141 -0.451812072682449
11.8731171026008 53.3682955986482 23.8450509510714 -0.787401041371861 -0.506375234864481 -0.351544764663698 0.578665063200772 -0.803739337536448 -0.138382881626739 -0.314690713955921 -0.35362141570821 -0.690843944130957 -0.110092027520441 -0.0123296467162761 0.088030269778722
11.9090866917436 52.8204363522454 23.9813150708791 -0.423414170326942 -0.117990736081747 -0.898219698384108 0.470504227107977 -0.875919107293469 -0.10673092219096 0.72572940515359 -0.0729470346678414 0.0372828577022961 0.106867089024508 0.293461694514873 -0.207275416645241
11.9218714971586 52.2684099084768 23.8833973266291 -0.131187028202318 0.352099688681576 -0.926723137113659 0.45740482796945 -0.807854889867124 -0.371687099948346 -0.179073341765959 -0.2214979656698 0.400936580577927 0.089388831548941 0.445829153241266 -0.0770925862277302
4.84650972163548 54.0338706728881 20.9034356430914 0.848540268469912 0.357460755053593 -0.390129749418736 0.353770379667278 0.16502066879415 0.920659924912993 0.398767724812426 -0.362225164451257 -0.125552351561675 -0.246752711025061 -0.257589219168325 0.604775645229288
4.99831979827346 53.3869837720549 21.0462153406202 0.0968884845600464 0.391820503673354 0.914925851892283 -0.87336689817484 -0.40738933643613 0.266953534778222 0.102059748470127 0.571294567042944 -0.602920548426471 0.407448618856541 -0.130965630040657 -0.0175529040479425
4.81922693517695 53.1014481904365 21.3447468242672 -0.515861681105218 0.807743158946634 0.285372940452004 -0.786713841913103 -0.578525384386733 0.215382707203993 -0.0125321226042944 -0.454040975744173 -0.167555249777399 0.229884793421381 0.331590641957067 -0.292981774982082
6.03332096308907 52.4630599629508 21.488657100963 0.537945739258164 -0.769899605968411 0.343320518384318 0.803281637877867 0.591682027823387 0.0681981539270923 0.204711220490052 0.304771919379895 -0.0151511482513365 0.217470770874665 -0.188134562293642 -0.0479440070006296
6.43049329983984 52.7656775208689 21.7357043749821 0.470893001129917 -0.858803071892597 -0.201784700100628 0.864918139555639 0.494474218634414 -0.086092153960186 0.15798590015887 -0.182853110508137 -0.234089967822551 0.287620731564722 0.731901651583473 0.530039115566567
6.90532447588334 52.8426978529839 21.9750897342016 0.199826817448836 -0.398946449646581 -0.894936295689621 0.765367047520243 0.633834505951372 -0.111656175984696 -0.186016283033805 0.351770893666905 0.132588403130284 -0.138181116413736 0.276262793829895 -0.214086294539231
7.44625828635142 52.8592631228748 21.9089600623953 -0.236716525471538 0.22262436323859 -0.945729178708834 0.841805845712138 0.533008452123028 -0.085234430192776 0.100117548963042 0.278824428472754 0.3591678188583 0.393108617216634 -0.860306895209176 -0.144146374303516
7.9416081571262 52.9650110270123 21.6567734440477 -0.657230793268851 0.312455064472928 -0.685871356060617 0.725350714797509 0.509415545617584 -0.462992594353182 0.0217441801950162 -0.735326472328911 -0.107509860887882 -0.23552274082705 0.0977325847787548 0.53000374724828
8.22921146172861 53.1908766509181 21.2300072017702 -0.922479957334125 0.299608521668656 -0.243444987749498 0.378900108867257 0.581919927653911 -0.719585926279587 0.958776949201184 -0.0457945793848398 0.0757179047842733 -0.0372087683359614 0.440205355960352 0.337312344195803
8.20200455132838 53.1514000581739 20.7475639468056 -0.245780475809557 0.927528784041847 0.281571149950898 0.457014104093089 0.367052490666576 -0.810191691981257 0.414420463603177 -0.15783015133087 -0.432985213905514 0.0128746043365742 0.590550369541108 0.282754961250184
4.83452505469611 57.3271106535825 22.9705327449428 0.277357404096475 0.501744548359691 0.81934441999942 -0.95336772764569 0.0380953206607578 0.299397265230398 -0.378571046478587 -0.0555851831424574 0.300574636298219 0.18384362540459 -0.174368084325666 0.115158888812421
4.52532927409864 57.1291136700584 23.297975525531 0.0972732500729755 0.99349885890918 0.0591433188652525 -0.975547120092754 0.0834102037409472 0.203348357236123 0.220534378782793 -0.00859844123341538 -0.059261996605707 0.00765466246332933 -0.0741367870871719 -0.336611606870879
4.07898542398814 57.2189372174388 23.55829247312 0.21591830889196 0.911059997361348 -0.351210713238048 -0.970882379814813 0.238550632002153 0.0219317244306031 -0.117133734840245 -0.113379346175052 0.233691151741633 0.00389475220617139 -0.440674723482913 0.491780976014726
3.7030160821666 57.6172571121977 23.7116300562349 0.206087653430062 0.38563517798936 -0.899340529833282 -0.972295561558035 0.184310945452068 -0.143773489771593 0.425521918964012 0.396532598268077 0.135238973074555 -0.172329085727995 -0.193502101735889 -0.508760211431822
3.30443430933423 57.9784466418394 23.6761841397632 0.164418884882869 -0.219846202727287 -0.961578950185717 -0.965844239635043 0.162051843737084 -0.202198181755475 0.281821190493496 0.157096032732094 -0.0232709823273615 -0.172875951832491 -0.0953147154076178 0.274595566606405
2.9917049585705 58.3048882499903 23.4565737284532 0.141821354446077 -0.708179431519634 -0.691641956647811 -0.868224002322864 0.246616729674101 -0.430542994874283 0.0244974030568774 -0.418286247708983 0.187432369669697 -0.323371933136031 -0.339179447290054 0.00457932519399074
2.68906441434847 58.4941659103424 23.1031388824897 0.0207755258213602 -0.969018847884574 -0.246111458431532 -0.95887862174377 0.0503808132153626 -0.279309080451246 0.402378643019477 -0.596861854535245 -0.137344063687816 0.1708554344927 0.152946854025062 -0.162962218623288
2.3945225208621 58.5163347893642 22.6725336927716 -0.256872002654755 -0.838151827615086 0.481163473382626 -0.945044595088919 0.113646531748363 -0.30655371326211 -0.331887343376078 0.100879947569122 0.275645592397707 -0.70069556174216 -0.410620334379795 0.154528404646576
1.90477577983125 58.3180398552994 22.3187665297964 -0.11006909831323 -0.470791916245201 0.875351223906544 -0.98973781356281 -0.0288282055168352 -0.139957118327658 0.746904156452847 0.0485356706433272 -0.581393637863392 0.355100248758438 -0.336960545052218 0.238460865805385
1.37936183940399 58.0857202445242 22.2089511166991 0.0646791998929115 -0.0687187269810606 0.995537210586987 -0.997694153306208 0.016107595612811 0.0659311900558871 0.162042545090708 0.116601344056872 0.176702847639237 -0.234034354554075 0.0630396368189269 0.722241005016393
1.1014546149318 57.6431722522729 22.2541661816842 -0.103276349456817 0.505310784234969 0.856735085647085 -0.990277995074339 -0.132932210487948 -0.0409697435473082 0.622233972220582 0.0959458214549619 -0.441144300346723 0.473854746842834 0.271159668409598 -0.536693919628774
0.684984555448357 57.4096295022255 22.5270943582724 0.00107982795127679 0.991756774946034 0.128130142122123 -0.965597429340211 0.0343529967948368 -0.257762441140653 -0.392654143133414 -0.520899579954737 -0.117955324582913 0.365026200351522 0.990414940915503 0.660050447826566
0.22401580571424 57.462480369472 22.7540443103248 0.0508500637498404 0.935138478232699 -0.350614171911618 -0.997818620880315 0.0327725864846894 -0.0573058234353586 -0.525410306718645 -0.0801285889085179 -0.40545167982007 -0.13571612360348 -0.000296214319102356 0.375808512948793
-0.275641349561048 57.6748360395918 22.7425476350372 0.331288796783428 0.589998561013581 -0.736307973016514 -0.941762869131466 0.254501227946654 -0.219799507048836 0.344506238641505 -0.54351164104799 -0.478240236837092 0.202669895164355 0.291629316923731 0.223376148549017
-0.63296132836838 58.043402900967 22.8884889807972 0.342092034832112 0.234514080767501 -0.909931967581201 -0.878853524246116 0.422554552965755 -0.221504249819481 -0.266659072387262 0.493605395338214 0.36124182099202 -0.101303490015323 0.203694770599056 -0.306888046398153
-0.847751687662805 58.5234398408804 22.6850746372908 0.0309441935428247 -0.457637764903825 -0.888600097355281 -0.932360922623866 0.307166384527628 -0.190661800527032 0.462425734130652 -0.585255335699219 0.198347526017681 -0.178099399910358 0.53961690831041 0.353481400320776
-1.13783093259491 58.843466802146 22.3091130979504 -0.110654096552829 -0.896131010528717 -0.42977305974766 -0.872805574603945 0.29444969107696 -0.38924260861956 -0.104283054721781 0.224401714855814 0.342036284755032 -0.130908706371956 0.132385069896771 -0.0748807705715077
-1.47651748370969 58.8975579787358 21.9089478152705 -0.184378702266584 -0.94345160530391 0.275506011912559 -0.978658110171411 0.150353272406919 -0.140079252111989 0.23176300889095 0.108943327285089 0.225704322337361 -0.0332501839929668 -0.0807868381673206 -0.224375079779799
-1.82304067286969 58.693298016146 21.472753787417 -0.304224436340245 -0.496606621213999 0.812914113606033 -0.948399056089423 0.237956349897086 -0.209561461037913 -0.0817715399239173 0.242288141958527 0.241658556786068 -0.379907366449129 -0.0529490760076668 -0.724069922606766
-2.34640614082366 58.6656918105788 21.326666029927 -0.110508286841433 -0.379223206401768 0.918682577534664 -0.967728259719506 0.251685109464944 -0.0125148317557327 -0.477664643060829 0.490521591675768 0.0893688080104972 0.454269848503919 0.237916069589522 -0.00157403664019978
-2.70625165639088 60.6535732891687 42.2144577655399 0.789323129374239 0.265015642592454 0.553837256435656 0.607194826719896 -0.203221504219505 -0.768124640034005 -0.00976699076330032 -0.00845555173088377 -0.00286161341011754 -0.00530200379962974 -0.0215593826213257 -0.0238066820859795
-1.02055983542351 61.2137463733216 43.9339965728237 -0.350496104039109 -0.353131884021056 0.867438962429719 -0.878787127354018 -0.196272150909154 -0.434983249762994 0.346802410568952 -0.800500266512496 0.183642158901721 -0.170951635967633 0.0539559253466887 -0.182822195072721
-1.38213713524353 60.88342612539 43.8821022677739 -0.365000659346066 0.463558600705107 0.807395778035322 -0.919259600810413 -0.316777033716905 -0.233696592246022 -0.28340642121418 -0.325450657013834 0.771753104460476 0.286692273789898 -0.579621692816582 -0.709815141255714
-1.71736516661387 60.6411597529191 44.0820217998275 -0.422036639533658 0.889055108888768 -0.177386832233725 -0.811476064574496 -0.457703747767706 -0.363337138071647 -0.0149743722738457 -0.18599543301184 -0.575580962891721 -0.253068807695238 0.342971864038082 0.326260854132768
-2.26737986142556 60.4038707900515 44.1387935437816 -0.12057036775495 0.78051731615683 -0.613396695131936 -0.789393682790166 -0.450052400980317 -0.417505029841361 0.136331120159477 0.0448757271518161 0.171427000094009 -0.24219162002031 0.32289522824623 0.615458943285979
-2.77629321754644 60.4255787925658 44.2009840947721 0.189702129489953 0.296329345337201 -0.936056633521182 -0.833718174048603 -0.454926458448212 -0.312979110588607 0.159280628999527 0.457270076700545 0.018442854778646 0.238366127105796 -0.366431987383038 -0.440742298467213
-3.22657103673676 60.4800106598674 43.9955862947745 0.541548503405786 -0.540915619142304 -0.643533613284386 -0.819015445729252 -0.512100243457008 -0.258779907079747 -0.882704755121623 0.682785684014897 -0.416731326353718 0.623749199233606 0.411489982692704 -0.212190889372642
-3.50875342726341 60.3344394392231 43.6087870903195 0.505003466050745 -0.838431736273935 0.204948098028299 -0.814962667893121 -0.541395138669544 -0.206705475896294 0.490233757621566 0.0789970241050018 -0.272813945731103 0.420240606015742 -0.186743015544781 -0.0547279279694109
-3.60422556407551 59.992252310215 43.2369966360695 -0.0952553826869899 -0.442194299117002 0.891846743503386 -0.791916161240122 -0.509184795045626 -0.337045453998499 0.227000164728615 0.0166150516555133 -0.11838829913044 -0.827113750837077 0.420857289715187 0.157522821444758
-3.84632302435708 59.4541446118926 43.1364646857848 -0.668400259486336 0.276457484816444 0.690516004309508 -0.562104770877438 -0.795724707646931 -0.225522540330305 0.326241991273757 0.445917948669798 0.245099022354928 -0.030469419787249 0.431652489179575 -0.307470095991691
-4.6028483109235 59.0762118757727 43.2099663442301 -0.956575083375689 0.27196046669719 0.10488858097357 0.0611064536282032 0.538945998725267 -0.840120950686874 0.0433882191557298 -0.251783810798084 -0.43331236376996 0.696102856134711 0.0983195990026064 -0.399579975950771
-4.80591628203713 59.1807053020181 42.7053042043301 -0.227491573924328 0.802833823985433 0.551094760325626 0.13526000755327 0.58649927759906 -0.798575812138375 0.709728168938387 0.00704183784714846 0.262929243211923 0.0443434356301751 -0.073752098955513 -0.499996571798392
-4.9721842235528 59.5342867263033 42.321376743002 0.422399031536912 0.687417814870064 0.590792523612092 0.127256249063774 0.600362962938861 -0.789537940700438 -0.112306081180267 -0.491541289963638 0.306561883126096 -0.139333110040108 0.38421191458533 0.196715629331095
-5.22959580677043 59.9665200012626 42.2045054597626 0.988895472122665 0.0807134613733121 0.124784143096887 0.0686470806611021 0.496624410115941 -0.865246654771745 -0.523636452371814 0.125660440737626 0.466906423375512 0.162795580353002 -0.405928480665772 0.543992876098403
-4.98777662231607 60.3513234687607 41.8841284581662 0.758397618144287 -0.630913196851919 -0.163650819830383 -0.0593569749959808 0.183182054722283 -0.981285424505561 0.0097487711038354 -0.0754843052359149 0.0723701088248309 0.0709057577607518 0.12822781894891 -0.424259052541045
-4.63249431921582 60.5988278719371 41.5551807246479 -0.103506708492497 -0.922278057771777 -0.372410452927643 0.126061243743713 0.359237741783737 -0.924692818023318 0.185422276880078 0.262775766836381 0.254226424409138 0.140320755229845 -0.0850618482004393 -0.431166131353636
-4.46573793985483 61.5946319288542 42.4418095683051 0.0993221226763468 0.28045960396928 0.954713321625112 0.57467984535971 0.767100357123183 -0.285131754525567 -0.323932579105988 -0.318433857781995 0.328142287775182 0.49914274266912 -0.0131922042702971 -0.000138796389025268
-5.44616824697885 62.1447869648589 41.9236056264107 -0.818777767013234 0.187550214228531 -0.542612094767205 -0.0385613132402179 0.925035081293497 0.377919466947014 0.420764201556628 -0.228692431653628 0.552592039170834 -0.811552662629079 0.21547837719757 0.326001250657501
-5.45177745910381 62.6568560670226 41.9125283603554 -0.978959305445268 -0.144507492222575 -0.14407034036766 -0.192816461972032 0.886175325909944 0.421325413120308 -0.314538953510152 0.201450921394036 0.107808100770444 0.183348139783162 -0.59239182175841 0.0161767868549933
-5.59784993299993 63.1472138232448 41.7654879692686 -0.81074122011631 -0.412103749157009 0.41577538880392 -0.231345809410342 0.877969845317315 0.419103885906302 0.365792935814729 0.362137322594689 -0.489635917580072 -0.0507282425758656 -0.0776106531274307 -0.20787364288361
-5.99869462098954 63.5403404616421 41.6943765407382 -0.161643621518512 -0.429588272276398 0.88843978746168 -0.252252869590486 0.888357291834951 0.383653244254524 0.229173678123004 0.104191343458829 -0.299288768933498 -0.428450429729453 0.205757474349998 -0.622855964128827
-4.63115571088205 60.3520091259198 40.8529050018789 -0.0276017877358731 0.98034498327617 -0.195350595287117 -0.234401834763619 -0.19632383923215 -0.952109620794055 0.269467606889708 0.0212318577683033 0.0865313367112334 0.170852612275607 0.0137439890634591 -0.318939216650728
-5.01528066064849 60.3371023877936 40.6823649392119 0.834973487020436 0.191266215643505 -0.515981114699323 -0.34435069536676 -0.549777076837739 -0.761030724993534 0.0833784831874401 -0.177528751107664 -0.141725434176239 0.314731224380779 -0.284074027171026 0.385138648560209
-5.235496533817 60.3308894337761 40.2282204853858 0.942151205113154 -0.333979371496679 0.0284409233061149 -0.238328777541571 -0.727145447684496 -0.643784817860171 -0.438488944481221 0.162435923299673 0.244479870952778 0.206184992464636 -0.0020121030421933 -0.124707325847527
-5.16246317110421 60.1983801354807 39.7919607839742 0.212945277745465 -0.764507801191076 0.608425945044998 -0.308828132786588 -0.643448944441441 -0.700427469690288 -0.160697696566875 -0.291216932057648 0.487191717138313 0.267640261922066 -0.350283003570904 -0.26192658353293
-5.01104536160759 59.9375265010443 39.4681133052956 -0.664258245411065 -0.370660118225331 0.649131774111071 -0.477968203899395 -0.457062979342407 -0.750093213524709 -0.525395004955505 -0.142147425534542 0.233455667054336 -0.0848452870607059 0.648536850760537 0.0206528514000031
-5.0526005943752 59.5033702504976 39.2501448699017 -0.824461568374662 0.369137144728627 0.428953249964123 -0.552239519369367 -0.359138926186263 -0.752363439399117 0.375118130913184 -0.18118479481631 -0.426544003489921 0.278581228250974 0.407110669889697 -0.937688639337031
-5.40025857633501 59.290627846832 38.9846659276255 -0.533629181239832 0.779316380334629 0.328490298595632 -0.740823543067567 -0.243382419269696 -0.626055489575208 -0.00356386019193767 0.160904297076133 0.22696923575466 0.0145768176063387 0.0194986843333234 -0.332682634046274
-5.86757023767555 59.0936859514795 38.8625588989834 0.0470544322758017 0.968970090215773 -0.242657875764307 -0.62058728262616 -0.161997628227268 -0.767221084884557 0.0646648546241447 -0.319267978094107 -0.099164001587518 -0.277186455014786 0.386876547397996 -0.15080621295594
-6.36993951887448 59.11619648584 38.7405108480343 0.634291180297618 0.472090254122637 -0.612213598802806 -0.710825064983291 0.0447603030198786 -0.701943190197807 0.15882397834688 0.0708638530095105 -0.0349918718116824 -0.0941580698942945 -0.586570887093907 0.059987566083322
-6.63784394500969 59.2982976962519 38.4533327528861 0.744610904389829 -0.315360652349371 -0.58830456399177 -0.662132956268956 -0.237436271134489 -0.710777015225085 -0.342181121600723 0.150129030393361 -0.128180870012742 -0.0124216740670808 0.00390610584190791 0.0305561725100757
-2.45961711999794 58.4391137367627 42.4650740194254 0.138305541068694 0.0167661388213116 -0.990247683106968 0.915854159295521 -0.382706920219693 0.121435464824116 0.0702812591033742 0.400189697247203 -0.143710573393921 0.578120898934676 -0.218958828495708 -0.0830834837363942
-2.15803178861354 58.0553737417863 42.375332643316 0.254495409666699 0.506078422488813 -0.824085381953727 0.897314609311657 -0.441349756755124 0.00607323044654264 -0.13457875091874 0.59293590020096 -0.24839911158291 -0.399647939808127 0.19726822998445 0.162885752079492
-1.74641635359828 57.7850712429316 42.1825841819286 0.321975897119139 0.944595183812747 -0.0638079963020839 0.942233014345974 -0.313137666477762 0.118919083873694 -0.0995486002140944 0.83516712821375 0.13823652010772 0.483870163704469 -0.120933979047909 0.00599353917320379
-1.27697685855969 57.7239144719755 41.8694748227885 0.18309275883403 0.890770643357065 0.415938339896421 0.981099202238838 -0.192511095139389 -0.0195916720711967 0.496249532883629 -0.107057626158494 0.218136973918846 -0.228122685866902 0.322969714340049 -0.232259792420083
-0.753382858218703 57.8721858839518 41.7253515972752 -0.116434089348814 0.661680855086746 0.740689914099812 0.993125779698362 0.0865835868099784 0.078768446687995 0.184533802941128 0.202186823252171 -0.463988080812508 -0.193928269481169 0.31693418777579 0.287721962012554
-0.32808625878241 58.2456490837436 41.7777687336905 -0.218617753868663 -0.200255883543669 0.955041286437166 0.905626626472685 0.322826289793979 0.274997454609218 -0.213241019638143 -0.121625948798167 -0.14202799238662 0.159864633337848 -0.607077408604146 -0.112388647096404
0.1326980329892 58.4786073982919 42.0325122143127 -0.400975196612183 -0.63186173263172 0.663302074878002 0.726838393089687 0.221287955202591 0.650182736784868 -0.0999890106952651 0.0646813758314375 -0.541115743523692 0.287675298380914 -0.140783643541368 -0.265202622386651
0.335058925200283 58.6433780713838 42.4551038117333 -0.0668030524543147 -0.969076342686641 0.237546614852446 0.885062358054178 0.0523639357833365 0.462517719211761 -0.456867687575402 -0.239547134067351 -0.00238028456183352 -0.486314090259662 -0.0590786701664713 -1.00082967634031
0.610181374310077 58.5425825873279 42.9048200482539 0.151811495897819 -0.876290743996268 -0.457239326501699 0.879637767224826 -0.091190839076262 0.466820767897366 -0.320451167795437 0.285247731330892 -0.296464046641764 -0.178200852789053 -0.104424849105257 0.326065001013463
0.950405684664254 58.2936906968916 43.2227743646294 0.210454096111648 -0.492068347841089 -0.844735351742058 0.923179995333111 -0.184252989914295 0.33732704001372 -0.362136023292375 -0.113566968744148 -0.256557647184485 -0.388190658979199 0.228391732580263 0.2606564953829
1.40464872209842 58.0409953402036 43.4422167661003 0.034274678286372 -0.0282097114397461 -0.999014243446433 0.977690462089292 -0.206328424035388 0.039369299901007 -0.236266129547534 0.294596404104807 0.352702067759509 0.280602579758138 -0.408857079033718 -0.669083238751527
1.85326537729752 57.7847567927089 43.3514436245858 -0.0433785108944003 0.412758775609301 -0.909806846506502 0.936600483820834 -0.300138241943663 -0.180821927402522 -0.0782635453838062 0.180075246964211 -0.0484255017091845 0.136974959396025 -0.230876727511687 0.200037182677378
2.18487182970903 57.4759857211449 43.147287996405 0.191011952997728 0.87963047841302 -0.435619851773174 0.960818156115737 -0.258359615205654 -0.100393127798461 0.169435785008189 -0.170040127197606 0.300299469514686 0.592433213111063 -0.0260770277064436 0.403421858400734
2.69219502750105 57.3061221761325 42.9007744437578 -0.0134496440826773 0.991695351739802 0.127904012492617 0.99985836561536 0.0120442209902882 0.0117552307384098 -0.294256648197657 -0.728159082457087 0.407500125986252 -0.286643669135248 0.0826565633593482 0.188642374780609
3.16581787069623 57.4652868130179 42.6001686291344 -0.143326406861803 0.779173885703813 0.610201275755235 0.989243396263201 0.131009165812671 0.0650699732804643 0.272180754505246 -0.113531581219241 -0.462847917705458 0.188241712003576 -0.0145820808186923 -0.232448364813283
3.53975642838727 57.7999126826427 42.5595372884063 -0.188535341152153 0.166689873976966 0.967816568906619 0.97835884332417 0.117432118902412 0.170363350341201 0.451619393500492 -0.848180273285836 0.0871504279367122 0.218265031684408 0.0536544780051943 -0.49180043655935
3.92009268038168 58.0790196217041 42.6554043615099 -0.176441503302591 -0.395349601805754 0.901425031971235 0.970739832585153 0.0816586843289842 0.225823020762275 -0.153796503145567 -0.244108616112749 -0.0106415103447437 0.414937981302532 -0.172263216106563 0.140369143322486
4.27069654499532 58.2768560326263 42.9835420126155 -0.140527382210303 -0.872514173373068 0.467943449694753 0.899127430969745 0.085411923923431 0.429272251758081 -0.0346659062539695 0.223022202377035 -0.232658819070293 -0.0237046347846101 -0.245434305716135 0.261468323638245
4.68496745403954 58.3300118495069 43.3407302417117 -0.162625010131909 -0.984414917875466 -0.0669356074435372 0.956793892041104 -0.173906813188632 0.233027613126482 0.227231706501302 0.334157315563113 0.379933744491981 -0.161735327529196 0.239659984828347 -0.248739327451052
5.04107530490508 58.1388821138487 43.748939552823 -0.0762258889217247 -0.749564116907956 -0.657528135141061 0.904876674213402 -0.328981083585991 0.270128952737517 -0.087552798719307 -0.14483402657938 -0.083653762882456 -0.0762384001961954 -0.437099439302941 0.15645887582948
